cm-1,A
4000.0,0.002862631182199704
3999.0,0.0028570257838576576
3998.0,0.002853281584414734
3997.0,0.0028523771072528382
3996.0,0.002852863230591689
3995.0,0.0028507583076899
3994.0,0.002844549737187215
3993.0,0.002839617532132974
3992.0,0.002844479932734483
3991.0,0.0028602649243585914
3990.0,0.002876435788440088
3989.0,0.0028798239592975733
3988.0,0.0028675459191585435
3987.0,0.0028492617060115783
3986.0,0.002836203161316247
3985.0,0.002831806899114172
3984.0,0.0028325948961247334
3983.0,0.0028347971257322714
3982.0,0.002838436052594494
3981.0,0.002844395233814633
3980.0,0.0028511112591437992
3979.0,0.00285577988909514
3978.0,0.0028568434945770316
3977.0,0.0028551220467595054
3976.0,0.0028536073759645912
3975.0,0.0028562187107747526
3974.0,0.0028649000517123897
3973.0,0.0028761813449730044
3972.0,0.002882031756476945
3971.0,0.0028759371514667036
3970.0,0.0028588163724765723
3969.0,0.002839225929511283
3968.0,0.002826284901143458
3967.0,0.002823039274697541
3966.0,0.002826436068074432
3965.0,0.002832738318507523
3964.0,0.002842198898781058
3963.0,0.0028568900706662857
3962.0,0.0028746952974239345
3961.0,0.0028875213965612045
3960.0,0.002887028469803903
3959.0,0.002873370397889791
3958.0,0.002855596791005659
3957.0,0.002842972260945168
3956.0,0.002837250031302146
3955.0,0.002832259550279069
3954.0,0.002822276429714273
3953.0,0.0028092985041503543
3952.0,0.0028009195675977633
3951.0,0.002802914823245252
3950.0,0.0028142745703369503
3949.0,0.002829114878910711
3948.0,0.002841870465955237
3947.0,0.002849968809835044
3946.0,0.0028541621405680853
3945.0,0.0028577274226108977
3944.0,0.002863096119054663
3943.0,0.002868684197075533
3942.0,0.0028709379468793254
3941.0,0.0028670025049627795
3940.0,0.0028560614996644175
3939.0,0.002841601838618315
3938.0,0.0028293732823520914
3937.0,0.0028225364957828424
3936.0,0.002820240683187384
3935.0,0.0028200694118661355
3934.0,0.002820528668173584
3933.0,0.002822454326793749
3932.0,0.002828161004772016
3931.0,0.0028372164761349705
3930.0,0.0028442674349256633
3929.0,0.002842537861260226
3928.0,0.002830331067148578
3927.0,0.0028137085542314713
3926.0,0.002800720455642092
3925.0,0.0027951996787698792
3924.0,0.0027961260980489855
3923.0,0.0028000149159313646
3922.0,0.002803736718886971
3921.0,0.002806378393973999
3920.0,0.0028100516090120075
3919.0,0.002819210563993194
3918.0,0.002836513205439486
3917.0,0.002858847651179639
3916.0,0.00287849713630199
3915.0,0.0028900605019858564
3914.0,0.002893075145287901
3913.0,0.002889929124824212
3912.0,0.002882266324078154
3911.0,0.0028709933804017167
3910.0,0.0028560363671615765
3909.0,0.0028373513263043656
3908.0,0.00281879005808182
3907.0,0.0028091440247050388
3906.0,0.0028139869899956667
3905.0,0.002820462394430078
3904.0,0.0028057927386246143
3903.0,0.002769336583204711
3902.0,0.002737883068368293
3901.0,0.002737529638763081
3900.0,0.0027681365966435276
3899.0,0.002807916408240495
3898.0,0.002836441572079954
3897.0,0.0028471342946002603
3896.0,0.0028426958656331295
3895.0,0.0028315123499212894
3894.0,0.00282498464236386
3893.0,0.0028311945721538573
3892.0,0.0028435919800168883
3891.0,0.0028476112613260575
3890.0,0.0028341981092399864
3889.0,0.002807058980136484
3888.0,0.0027872365567491978
3887.0,0.0027935927394390574
3886.0,0.00281474380542651
3885.0,0.002822994861508906
3884.0,0.0028056616351117515
3883.0,0.0027741960466773504
3882.0,0.002750848141325551
3881.0,0.002747977036043814
3880.0,0.0027630820932993965
3879.0,0.002780209889298934
3878.0,0.0027825655889433328
3877.0,0.0027740082990110534
3876.0,0.0027717425590938006
3875.0,0.00277803144606565
3874.0,0.002776747431823629
3873.0,0.002759226619034253
3872.0,0.0027399977927717594
3871.0,0.0027375535253481302
3870.0,0.002751566277787392
3869.0,0.0027721371056424427
3868.0,0.0027913749448865957
3867.0,0.002811383176299235
3866.0,0.002833967209202565
3865.0,0.0028465208987739307
3864.0,0.0028432594788797513
3863.0,0.00283973203840835
3862.0,0.002840961044262538
3861.0,0.002835256468554094
3860.0,0.0028157452628995304
3859.0,0.002787980502262145
3858.0,0.002760303088355698
3857.0,0.00273964726645384
3856.0,0.002747330187874016
3855.0,0.002796832588197738
3854.0,0.0028265194303462022
3853.0,0.0028040236343905055
3852.0,0.0027915589662544874
3851.0,0.002811796228906447
3850.0,0.0028415359669204687
3849.0,0.0028570656547474023
3848.0,0.0028470058372803597
3847.0,0.0028179398394898043
3846.0,0.0027864317553433103
3845.0,0.0027674195919157756
3844.0,0.002764124907171909
3843.0,0.0027678723934506915
3842.0,0.0027676183399346368
3841.0,0.0027621160807138664
3840.0,0.0027565250814693344
3839.0,0.002753011470090013
3838.0,0.0027524331707420623
3837.0,0.002757082764778666
3836.0,0.002769933538632107
3835.0,0.0027928398998434494
3834.0,0.0028240815672901398
3833.0,0.0028563233074690134
3832.0,0.002877311498698212
3831.0,0.0028791300930719487
3830.0,0.0028640914181514592
3829.0,0.002842256615140492
3828.0,0.0028231717578673285
3827.0,0.002806032598101127
3826.0,0.002779422021956598
3825.0,0.0027355331817823384
3824.0,0.00268807237173624
3823.0,0.0026691371294445296
3822.0,0.00268354918952376
3821.0,0.002703588743469256
3820.0,0.0027206401239574813
3819.0,0.002742785103062054
3818.0,0.002787226238313985
3817.0,0.002859485888194299
3816.0,0.0029271061398562915
3815.0,0.0029566506335408833
3814.0,0.0029510091706104516
3813.0,0.0029324389337261015
3812.0,0.0029131361507902945
3811.0,0.0028904062636328637
3810.0,0.00286311753956073
3809.0,0.002843947460426471
3808.0,0.0028400187126763165
3807.0,0.0028357889191484896
3806.0,0.002812256681922922
3805.0,0.0027672630680242076
3804.0,0.002723695447688044
3803.0,0.0027146844140240396
3802.0,0.0027393547081518187
3801.0,0.0027683572775668137
3800.0,0.0027807997366592866
3799.0,0.0027792489348197236
3798.0,0.002785904335033213
3797.0,0.002813633118838687
3796.0,0.0028534647180372256
3795.0,0.0028872615758728576
3794.0,0.0029056620627398084
3793.0,0.002912484893829705
3792.0,0.0029146256083463977
3791.0,0.0029141604471039305
3790.0,0.002908186528188293
3789.0,0.0028947244919363614
3788.0,0.0028786704545582706
3787.0,0.0028684347491663553
3786.0,0.0028645034480612357
3785.0,0.002855053403054863
3784.0,0.002828285678284824
3783.0,0.0027880176281031804
3782.0,0.0027532770983768715
3781.0,0.00274402836128159
3780.0,0.002762986894402066
3779.0,0.002796820763937468
3778.0,0.0028311641782328223
3777.0,0.002858063004079905
3776.0,0.002874782779150285
3775.0,0.0028794200626069346
3774.0,0.002871156770220222
3773.0,0.002857783128968183
3772.0,0.0028533906755043117
3771.0,0.002859831924420501
3770.0,0.0028629692277069327
3769.0,0.0028566244530397857
3768.0,0.0028508997721273487
3767.0,0.002857376548632587
3766.0,0.002872928170786632
3765.0,0.0028801794166738184
3764.0,0.0028665291985184166
3763.0,0.002838458744719925
3762.0,0.002815445615708093
3761.0,0.0028086408791252486
3760.0,0.002807945977074482
3759.0,0.002802468343584872
3758.0,0.0027967347075110102
3757.0,0.0027968297609306126
3756.0,0.002797970867879466
3755.0,0.0027928928561852537
3754.0,0.0027818367552301794
3753.0,0.002769774586047054
3752.0,0.002758916052014245
3751.0,0.002758703836757704
3750.0,0.002779880833446227
3749.0,0.0028007986675591275
3748.0,0.002792032165864141
3747.0,0.0027656765590194
3746.0,0.002770548047744523
3745.0,0.0028183859418020223
3744.0,0.0028646420076437534
3743.0,0.0028756319867617136
3742.0,0.0028560348753597837
3741.0,0.002827024625316197
3740.0,0.002799674963705914
3739.0,0.0027796556583826876
3738.0,0.0027809875146656412
3737.0,0.0028068725238649295
3736.0,0.002832574842300862
3735.0,0.0028426620148194375
3734.0,0.0028558894679747513
3733.0,0.0028841355941911844
3732.0,0.0029121140121015124
3731.0,0.0029223850786153304
3730.0,0.002913063824345276
3729.0,0.0028941035468741725
3728.0,0.0028737380894622404
3727.0,0.0028491529492995415
3726.0,0.002820762443845242
3725.0,0.002804815858744736
3724.0,0.0028155513622233203
3723.0,0.0028464504491612975
3722.0,0.002878398365827861
3721.0,0.0029024193911967636
3720.0,0.00292526098830955
3719.0,0.002956377020093165
3718.0,0.0029939416026990907
3717.0,0.003023982686736724
3716.0,0.0030361369458806993
3715.0,0.003037149685043987
3714.0,0.0030473996366403417
3713.0,0.0030788903439176634
3712.0,0.0031156728702615
3711.0,0.003141536870975518
3710.0,0.003172309829960499
3709.0,0.003230678845439812
3708.0,0.0033181141214193677
3707.0,0.003419152433076554
3706.0,0.0035180290006139076
3705.0,0.003611885829127657
3704.0,0.003709593062590517
3703.0,0.003816151838549899
3702.0,0.003920806571759916
3701.0,0.004009680186712326
3700.0,0.0040799830407267645
3699.0,0.004136498751354141
3698.0,0.004180965715244851
3697.0,0.004206021382959691
3696.0,0.004204266095804088
3695.0,0.004181837098315279
3694.0,0.004154717297434312
3693.0,0.004134068526907131
3692.0,0.004117965835602801
3691.0,0.004093074642291044
3690.0,0.00405113923028982
3689.0,0.0040124530415125825
3688.0,0.004005066205676962
3687.0,0.004025116085275076
3686.0,0.004052865960204171
3685.0,0.004073162195070215
3684.0,0.004073164705569659
3683.0,0.004047697569913012
3682.0,0.00401028293204322
3681.0,0.003984269384889845
3680.0,0.00398101780738904
3679.0,0.003995837298983539
3678.0,0.004033818929220943
3677.0,0.004104511521211634
3676.0,0.004173834397121561
3675.0,0.004213373749025048
3674.0,0.004243877408563624
3673.0,0.00428483222914272
3672.0,0.004351690354892447
3671.0,0.004435461772802418
3670.0,0.004494781591435251
3669.0,0.004528504241193017
3668.0,0.004569871548932711
3667.0,0.004627362060345179
3666.0,0.004690260129556982
3665.0,0.004748801630407275
3664.0,0.0048009533885932905
3663.0,0.0048518772437846705
3662.0,0.004906539906167825
3661.0,0.004962863790933111
3660.0,0.005015393585918119
3659.0,0.005063830483133633
3658.0,0.005113993113850544
3657.0,0.005165682353604526
3656.0,0.005212762879578551
3655.0,0.005251749563565473
3654.0,0.005280984819612032
3653.0,0.0053057229495758005
3652.0,0.005335776728679804
3651.0,0.0053610525142845965
3650.0,0.00536102065334112
3649.0,0.0053672522203154
3648.0,0.005428682860695342
3647.0,0.005528548014628534
3646.0,0.00562652292274208
3645.0,0.005709203159572915
3644.0,0.005782030494208304
3643.0,0.005852015480756163
3642.0,0.005919279771253581
3641.0,0.0059811301930496885
3640.0,0.006035794872915849
3639.0,0.0060793525937700614
3638.0,0.006106162324285159
3637.0,0.006117737365398513
3636.0,0.006127975817423965
3635.0,0.006152836646647413
3634.0,0.006194065413467376
3633.0,0.006240239094248321
3632.0,0.0062837367987269
3631.0,0.006333903253115864
3630.0,0.0063823016954057685
3629.0,0.006397391765497715
3628.0,0.006400966451786527
3627.0,0.006431400047435005
3626.0,0.006487343117945594
3625.0,0.0065575002619366945
3624.0,0.006630408394453727
3623.0,0.006695556842769668
3622.0,0.006747443152618444
3621.0,0.0067797877042546
3620.0,0.006780174873931274
3619.0,0.00675273087385449
3618.0,0.006726614702436239
3617.0,0.006716598933150404
3616.0,0.006712155538870756
3615.0,0.006695875657340797
3614.0,0.0066565604456287585
3613.0,0.0066015035693849835
3612.0,0.006549376713325148
3611.0,0.006508228497464181
3610.0,0.006471637214951278
3609.0,0.006431863285921648
3608.0,0.006391908853296997
3607.0,0.006363416261747777
3606.0,0.006350054507934497
3605.0,0.006346116921283984
3604.0,0.006346818549157494
3603.0,0.006347902322068325
3602.0,0.006341827332894157
3601.0,0.006322569266836047
3600.0,0.00629669485462242
3599.0,0.0062792098584681716
3598.0,0.006275956112106282
3597.0,0.006275330256062754
3596.0,0.006260889148679807
3595.0,0.006230463130110307
3594.0,0.006201249714255391
3593.0,0.006190291253446769
3592.0,0.006195256453784816
3591.0,0.006203244716130508
3590.0,0.006207356973427222
3589.0,0.006203198626997605
3588.0,0.006183711661198461
3587.0,0.0061565360623716675
3586.0,0.006140181191990918
3585.0,0.006140148442517695
3584.0,0.006152848235671065
3583.0,0.006175485166930311
3582.0,0.006206343930908019
3581.0,0.0062443429446949715
3580.0,0.006288012795111858
3579.0,0.006332105804477279
3578.0,0.006366546631878417
3577.0,0.006383478594084155
3576.0,0.0063856260631649725
3575.0,0.006386752547536007
3574.0,0.006401028685710016
3573.0,0.00643150916534201
3572.0,0.0064692756345272094
3571.0,0.00650331841202775
3570.0,0.006529953598339162
3569.0,0.00654902934118176
3568.0,0.006553574561889569
3567.0,0.006546415016057149
3566.0,0.0065539653771421
3565.0,0.006592110135378319
3564.0,0.006649655572252207
3563.0,0.006708208751460883
3562.0,0.006755442364212149
3561.0,0.006789835601288315
3560.0,0.006820456368936151
3559.0,0.006859387765393501
3558.0,0.006911332138413802
3557.0,0.006970283970944713
3556.0,0.007023887850067041
3555.0,0.007060682638670765
3554.0,0.007076289319457878
3553.0,0.007077869077454357
3552.0,0.007081686718117773
3551.0,0.007098534580059519
3550.0,0.0071245631280164624
3549.0,0.007148537165156118
3548.0,0.007161021841532893
3547.0,0.007158019343191436
3546.0,0.007141593017035378
3545.0,0.0071180797848373325
3544.0,0.007094995903403652
3543.0,0.007079168382300488
3542.0,0.007075212856539122
3541.0,0.00708307494298557
3540.0,0.007098120497149183
3539.0,0.00711463703591454
3538.0,0.007128598890234959
3537.0,0.007136920872479097
3536.0,0.007137590818843803
3535.0,0.007131820328080899
3534.0,0.007125259196720598
3533.0,0.007125073337201067
3532.0,0.007134240135929423
3531.0,0.007148409409844371
3530.0,0.007158226348202635
3529.0,0.00715513578899267
3528.0,0.007135856709449668
3527.0,0.007103406142329241
3526.0,0.007065582274830888
3525.0,0.007032296611470704
3524.0,0.007010477125291742
3523.0,0.006998507103052792
3522.0,0.006987582086999974
3521.0,0.006971153924954139
3520.0,0.006952584297778955
3519.0,0.0069416578403996695
3518.0,0.0069436933218736145
3517.0,0.006952668472847529
3516.0,0.006956240505027962
3515.0,0.006947269820788794
3514.0,0.006930211262637222
3513.0,0.00691654250800774
3512.0,0.006913414659356634
3511.0,0.00691670877035621
3510.0,0.006917099374063268
3509.0,0.006912634202177885
3508.0,0.006910770837979591
3507.0,0.006918506795327785
3506.0,0.006935958279097475
3505.0,0.006957957194425157
3504.0,0.006977195595259211
3503.0,0.006986754642456592
3502.0,0.006983164423007717
3501.0,0.006968888096055337
3500.0,0.0069517186434986875
3499.0,0.00693975546975549
3498.0,0.006935487958663602
3497.0,0.006936249702690737
3496.0,0.006940765002567831
3495.0,0.0069518700184528735
3494.0,0.0069713592278280055
3493.0,0.006995532727156703
3492.0,0.007017800717292261
3491.0,0.007033391409444912
3490.0,0.007040174612417892
3489.0,0.007037622292255381
3488.0,0.007028303212486862
3487.0,0.007019579898833939
3486.0,0.007020896899640557
3485.0,0.00703858682581349
3484.0,0.0070727092368490655
3483.0,0.0071161012838780215
3482.0,0.007156183892447649
3481.0,0.007181638975132317
3480.0,0.007190561992742427
3479.0,0.007192047761236034
3478.0,0.007198733671470837
3477.0,0.0072174474210403815
3476.0,0.0072460281049637615
3475.0,0.007277734710555794
3474.0,0.0073073494639833625
3473.0,0.007332260887029525
3472.0,0.007349871161139488
3471.0,0.007358209594131233
3470.0,0.007360700231124598
3469.0,0.007368197655342785
3468.0,0.007393012144545833
3467.0,0.007439404610850165
3466.0,0.007500692192677128
3465.0,0.007565099592143041
3464.0,0.007622519877529754
3463.0,0.00766675885030529
3462.0,0.007696247299402421
3461.0,0.0077163401915443216
3460.0,0.007739615322207466
3459.0,0.007779363035466829
3458.0,0.00783943588770075
3457.0,0.007910284553490028
3456.0,0.007977427035604475
3455.0,0.00803492272022853
3454.0,0.008089479917827642
3453.0,0.00815040194522475
3452.0,0.00821702911813908
3451.0,0.00827878244019925
3450.0,0.008326472242444349
3449.0,0.008360302316019034
3448.0,0.008388215998007624
3447.0,0.008420858915925212
3446.0,0.00846718783087828
3445.0,0.008530623158213159
3444.0,0.008607288101168325
3443.0,0.008686965126108686
3442.0,0.008756987848376271
3441.0,0.008807781047708987
3440.0,0.008835892715066511
3439.0,0.008844000924330592
3438.0,0.008840377924794522
3437.0,0.008836254678135222
3436.0,0.008840704433512809
3435.0,0.00885809960447493
3434.0,0.008889719087795437
3433.0,0.008933094279369497
3432.0,0.008978270231958747
3431.0,0.009010475837047458
3430.0,0.009021769059589249
3429.0,0.009018979224992328
3428.0,0.009017112658371693
3427.0,0.009025899998592601
3426.0,0.00904371500335822
3425.0,0.009060593592791702
3424.0,0.00906400194314993
3423.0,0.00904558344640065
3422.0,0.009008058260455766
3421.0,0.008964694734378307
3420.0,0.008927512808290433
3419.0,0.008897055580214605
3418.0,0.008866067539430433
3417.0,0.008828436697541547
3416.0,0.008780977239740079
3415.0,0.008722367293551107
3414.0,0.0086571231371257
3413.0,0.008597449130775292
3412.0,0.008553914992718903
3411.0,0.008525474087321962
3410.0,0.008504514770337063
3409.0,0.008489925853694128
3408.0,0.00848678093861039
3407.0,0.00849190243796411
3406.0,0.00848884130868854
3405.0,0.008462650963572401
3404.0,0.008415550933463798
3403.0,0.008363927818341846
3402.0,0.008322295184746946
3401.0,0.008293362689884275
3400.0,0.008271514709181107
3399.0,0.008251558060682096
3398.0,0.008233607298004897
3397.0,0.008221665554289756
3396.0,0.008217845806819581
3395.0,0.008218313863022249
3394.0,0.008216594512356772
3393.0,0.008210914204853094
3392.0,0.008206127219245766
3391.0,0.008207839430002061
3390.0,0.00821721660375186
3389.0,0.008231567353613453
3388.0,0.008246336741092366
3387.0,0.008256158902990538
3386.0,0.00825789204126698
3385.0,0.008253864639136209
3384.0,0.008249030665552513
3383.0,0.008244353820528445
3382.0,0.0082368393948754
3381.0,0.008226291633216287
3380.0,0.008217334532037724
3379.0,0.008213718761116933
3378.0,0.00821522150933554
3377.0,0.008221730773742388
3376.0,0.008234599249980386
3375.0,0.008250845944316609
3374.0,0.008262040383970295
3373.0,0.008264037277140363
3372.0,0.008263453569005859
3371.0,0.008269342131178683
3370.0,0.008281796694828767
3369.0,0.008294236400857313
3368.0,0.008304260535479762
3367.0,0.00831527582768819
3366.0,0.00832809099546198
3365.0,0.008338118573394865
3364.0,0.008342643493291406
3363.0,0.00834571044867788
3362.0,0.008353522780417387
3361.0,0.008367884106088791
3360.0,0.00838595374096448
3359.0,0.00840496384636302
3358.0,0.008425886848771992
3357.0,0.00845257805847173
3356.0,0.008486631806433359
3355.0,0.00852280094458974
3354.0,0.008552055694546546
3353.0,0.008571331624393197
3352.0,0.00858832669380564
3351.0,0.008613821188781491
3350.0,0.008650129049584598
3349.0,0.008689700370926185
3348.0,0.0087240090325281
3347.0,0.008750372932156187
3346.0,0.00877057375169188
3345.0,0.008786995537644145
3344.0,0.008801636642848493
3343.0,0.008816133871627881
3342.0,0.008830801952168918
3341.0,0.00884475763433381
3340.0,0.008858049888540444
3339.0,0.008873128157129366
3338.0,0.008893396107725778
3337.0,0.008919581630144906
3336.0,0.008946549549182295
3335.0,0.008964292535395192
3334.0,0.008964968224269409
3333.0,0.008950812447717248
3332.0,0.008933720475861148
3331.0,0.008925012899063672
3330.0,0.008925777487485678
3329.0,0.008927765351632115
3328.0,0.008921983717104542
3327.0,0.008904555796197573
3326.0,0.008876000182034827
3325.0,0.008838999987633458
3324.0,0.00879857748828513
3323.0,0.008762013541904697
3322.0,0.00873527571581541
3321.0,0.00871798640647056
3320.0,0.008702350281924238
3319.0,0.0086789349293097
3318.0,0.008645364705564826
3317.0,0.008609073663996616
3316.0,0.008580157787058352
3315.0,0.008562261202958377
3314.0,0.008551990401559607
3313.0,0.008545485332247211
3312.0,0.008541744805992124
3311.0,0.008539746437635108
3310.0,0.008537316479396158
3309.0,0.008535002936161261
3308.0,0.008536941616627741
3307.0,0.008544834494274295
3306.0,0.008554180611768282
3305.0,0.008559148753016626
3304.0,0.008558245908421091
3303.0,0.008552824229374352
3302.0,0.008543543739902045
3301.0,0.008531696501281147
3300.0,0.008520732289414697
3299.0,0.008511959566895705
3298.0,0.00850110914267125
3297.0,0.008484032414949605
3296.0,0.008464057057611581
3295.0,0.00844837033516186
3294.0,0.00843773480283927
3293.0,0.008425043236509442
3292.0,0.008405077510526
3291.0,0.008381784293209881
3290.0,0.008364310525673609
3289.0,0.008358297420134286
3288.0,0.008361427964243174
3287.0,0.008364832700079239
3286.0,0.008359190471741572
3285.0,0.008343484172742145
3284.0,0.008328929056435001
3283.0,0.008330347584151779
3282.0,0.00835052289284248
3281.0,0.008374509127371902
3280.0,0.008381314961524807
3279.0,0.008361184134911725
3278.0,0.00832285779278654
3277.0,0.008286741386685526
3276.0,0.008270549762584824
3275.0,0.008277139002057773
3274.0,0.008293006066006307
3273.0,0.008299586093880778
3272.0,0.008288083719549155
3271.0,0.00826426555450315
3270.0,0.008240300203862789
3269.0,0.008223627755564044
3268.0,0.008213105857456642
3267.0,0.00820328462065732
3266.0,0.008190582299268055
3265.0,0.008175609641059442
3264.0,0.008160456991431786
3263.0,0.008144658693212339
3262.0,0.008125099915546009
3261.0,0.00810049847733713
3260.0,0.008074395478144314
3259.0,0.008051677056673798
3258.0,0.00803282938538033
3257.0,0.008013837557969848
3256.0,0.00799190828596979
3255.0,0.007969113798723212
3254.0,0.007949292291969695
3253.0,0.007932816731000387
3252.0,0.007916135861611204
3251.0,0.007895858559275453
3250.0,0.007871477517681337
3249.0,0.007843923192408203
3248.0,0.007813298288007106
3247.0,0.0077801296466447475
3246.0,0.007748718129215625
3245.0,0.007726373987174928
3244.0,0.0077167891694980735
3243.0,0.007715468819574011
3242.0,0.0077142004862362475
3241.0,0.007708734798589686
3240.0,0.007699130256417915
3239.0,0.007683586256808197
3238.0,0.007656882712076977
3237.0,0.007617676824502452
3236.0,0.007574781616139078
3235.0,0.007542482067888415
3234.0,0.007529056031006063
3233.0,0.007530305480867111
3232.0,0.007533071543499131
3231.0,0.007524688707633101
3230.0,0.007501463475221335
3229.0,0.007470191854938571
3228.0,0.007440960770902165
3227.0,0.007417803041276594
3226.0,0.007397458768452438
3225.0,0.007377021093551968
3224.0,0.007359174198320158
3223.0,0.0073472371557996305
3222.0,0.00733725962823246
3221.0,0.007319277674721214
3220.0,0.007287563713057132
3219.0,0.007247436503408049
3218.0,0.0072100054750081286
3217.0,0.007181003413881214
3216.0,0.007156414170063746
3215.0,0.007129189194792338
3214.0,0.007099180210596127
3213.0,0.007074052964819599
3212.0,0.007059303906877915
3211.0,0.007050225825696249
3210.0,0.007036725202492943
3209.0,0.007015139944078445
3208.0,0.006992152633785521
3207.0,0.006976698050469336
3206.0,0.006970488063772546
3205.0,0.00696649932714207
3204.0,0.006954599876812691
3203.0,0.006929806803141077
3202.0,0.006898169249282321
3201.0,0.006873340281578856
3200.0,0.0068629831528919105
3199.0,0.006858628282038797
3198.0,0.0068440188189268295
3197.0,0.006814504457086637
3196.0,0.006782306261459756
3195.0,0.006760912706067049
3194.0,0.006751102437003346
3193.0,0.006745077764545979
3192.0,0.0067377245981232025
3191.0,0.006728904830144462
3190.0,0.00671880675988182
3189.0,0.006706715738158759
3188.0,0.0066925352757593575
3187.0,0.006674942905993702
3186.0,0.006649820691750031
3185.0,0.00661558290371488
3184.0,0.00657946964205325
3183.0,0.006553623160437939
3182.0,0.00654346617104355
3181.0,0.006541682560481727
3180.0,0.00653389052977636
3179.0,0.006510768267233641
3178.0,0.006477213440644095
3177.0,0.006449568026915251
3176.0,0.006440234317742235
3175.0,0.006444158700655053
3174.0,0.006443771415257327
3173.0,0.006428574041988121
3172.0,0.006406281460988324
3171.0,0.006391819056128212
3170.0,0.006389171357612106
3169.0,0.006389011244125761
3168.0,0.006381768553381672
3167.0,0.006367000945234434
3166.0,0.006349823444262063
3165.0,0.006333322587403236
3164.0,0.006316562540852458
3163.0,0.006297728541986232
3162.0,0.006277317647311463
3161.0,0.006257902073447844
3160.0,0.006240650102771364
3159.0,0.0062232046650011535
3158.0,0.006203625862832159
3157.0,0.006186292768781756
3156.0,0.006179238744155194
3155.0,0.006183138177896298
3154.0,0.006187255482763995
3153.0,0.006180242025198341
3152.0,0.006161992838269567
3151.0,0.006140938673532863
3150.0,0.006122448888153793
3149.0,0.006105827181951538
3148.0,0.006091616196630078
3147.0,0.0060843244697606465
3146.0,0.00608548870257649
3145.0,0.006089373065449538
3144.0,0.006089555711773047
3143.0,0.006087064420814363
3142.0,0.00608784451615368
3141.0,0.006093314018808869
3140.0,0.0060982166009524155
3139.0,0.006099622024188273
3138.0,0.006103960695777698
3137.0,0.006119549345611041
3136.0,0.006142673723491249
3135.0,0.0061577798363989045
3134.0,0.006155689445145709
3133.0,0.006147818414527665
3132.0,0.006154896279361916
3131.0,0.00618221840145773
3130.0,0.006213887268184351
3129.0,0.006231307807306963
3128.0,0.006229233805534453
3127.0,0.0062123391683477965
3126.0,0.0061849837350040834
3125.0,0.006150595316457711
3124.0,0.006116209406807352
3123.0,0.006089870909677919
3122.0,0.006073536922389299
3121.0,0.006063564496835469
3120.0,0.006057858919323654
3119.0,0.006058270272024515
3118.0,0.00606673887242882
3117.0,0.006082767440109681
3116.0,0.006104734603178259
3115.0,0.006131473999616148
3114.0,0.006162788226985662
3113.0,0.006199693361633273
3112.0,0.006242412038804269
3111.0,0.006287109183312858
3110.0,0.00632782227873128
3109.0,0.006363576962447909
3108.0,0.006399969872346596
3107.0,0.0064400077337271435
3106.0,0.006476693574974343
3105.0,0.006499348413181664
3104.0,0.006504440764252046
3103.0,0.0064957789239865225
3102.0,0.0064765371606461545
3101.0,0.006446474799631262
3100.0,0.006406523068577344
3099.0,0.006360364782280299
3098.0,0.006311266720938691
3097.0,0.006262591759977539
3096.0,0.006221282336802429
3095.0,0.006195448623619901
3094.0,0.006186481234822031
3093.0,0.006187627515525235
3092.0,0.00619267733583424
3091.0,0.006203221969846747
3090.0,0.006226129963447365
3089.0,0.006265703647623163
3088.0,0.006318955898420521
3087.0,0.006376840324219172
3086.0,0.006429364815898394
3085.0,0.006471209194516924
3084.0,0.006503661460774087
3083.0,0.0065310837698379365
3082.0,0.006555348899920673
3081.0,0.006573875865968592
3080.0,0.006582351086178414
3079.0,0.006578752541790999
3078.0,0.006566305617509793
3077.0,0.006553047983254445
3076.0,0.006546136477824559
3075.0,0.006544649798049389
3074.0,0.006540439097025664
3073.0,0.006528629063620036
3072.0,0.006514549078313109
3071.0,0.006507260858331982
3070.0,0.006507697861050577
3069.0,0.006507612021714635
3068.0,0.006499389410961614
3067.0,0.006482075216595741
3066.0,0.006458620148016895
3065.0,0.006431943114185464
3064.0,0.006405328135800312
3063.0,0.006382684295620625
3062.0,0.006366103676776545
3061.0,0.006355742810893659
3060.0,0.006353034110630751
3059.0,0.0063612223941217514
3058.0,0.0063809798762838425
3057.0,0.00640769321215395
3056.0,0.006433892675151056
3055.0,0.00645160896612238
3054.0,0.006450885445179246
3053.0,0.006419731719741663
3052.0,0.006350586755351159
3051.0,0.006247615565226217
3050.0,0.006125897302551836
3049.0,0.00600211677009347
3048.0,0.005885005979103565
3047.0,0.005773632270624061
3046.0,0.005664006401854865
3045.0,0.005557640346374039
3044.0,0.005463665711415205
3043.0,0.005390843049919811
3042.0,0.005337922554757367
3041.0,0.005293915152927906
3040.0,0.005248816178793425
3039.0,0.00520296645977445
3038.0,0.005164528656758772
3037.0,0.005140192576259657
3036.0,0.005130279532762793
3035.0,0.005131264650365616
3034.0,0.005139732419759738
3033.0,0.005152568024867969
3032.0,0.005165827344556206
3031.0,0.005176194400335726
3030.0,0.005183979155881183
3029.0,0.005193024624941707
3028.0,0.0052070865587453795
3027.0,0.005226756554270707
3026.0,0.005249762564264521
3025.0,0.005273783757774658
3024.0,0.005298800428566038
3023.0,0.005327515941882426
3022.0,0.0053637849377047315
3021.0,0.00540944405873276
3020.0,0.005462062469287613
3019.0,0.005516476199738796
3018.0,0.005568911713648843
3017.0,0.005618698251416856
3016.0,0.005665807581609452
3015.0,0.005709548123875008
3014.0,0.005751746902699881
3013.0,0.005798846562645845
3012.0,0.0058566693226346596
3011.0,0.005923440349500967
3010.0,0.005991290278802597
3009.0,0.006054762676017099
3008.0,0.0061144260728895105
3007.0,0.006172001987993816
3006.0,0.006226465833463939
3005.0,0.00627692342838163
3004.0,0.006325847182880794
3003.0,0.006375917740285104
3002.0,0.0064257255569706104
3001.0,0.006472495115642128
3000.0,0.00651850708074686
2999.0,0.006570740617942213
2998.0,0.006632951518575278
2997.0,0.0067002020112611645
2996.0,0.006763965773028345
2995.0,0.006822311410262636
2994.0,0.006883678702974063
2993.0,0.0069591022488187685
2992.0,0.007050356286682212
2991.0,0.007147002916125614
2990.0,0.007235152959787146
2989.0,0.00730952784563603
2988.0,0.007376781371960997
2987.0,0.007449076594606419
2986.0,0.0075355981319465215
2985.0,0.007638771063653641
2984.0,0.007755529613941431
2983.0,0.007880115945961934
2982.0,0.008006977803291146
2981.0,0.0081325793352715
2980.0,0.008255957029029487
2979.0,0.008379823976743975
2978.0,0.008511302338281882
2977.0,0.00865859056760644
2976.0,0.0088235710980627
2975.0,0.008998908912267638
2974.0,0.009176238340270437
2973.0,0.009356063784662999
2972.0,0.009546162473415623
2971.0,0.00975007079941123
2970.0,0.009961566905856475
2969.0,0.010170338363082673
2968.0,0.01036856630387387
2967.0,0.010551510805871004
2966.0,0.010717091135795019
2965.0,0.010867630251676207
2964.0,0.011007397605027834
2963.0,0.011135084834263877
2962.0,0.011241720364014865
2961.0,0.011319105964162067
2960.0,0.011366696223589497
2959.0,0.01138675230910635
2958.0,0.011376009229759142
2957.0,0.011326991933710062
2956.0,0.011235937301411711
2955.0,0.011106582565366343
2954.0,0.01094775727060127
2953.0,0.010769538928092064
2952.0,0.010579008262527636
2951.0,0.010376200855452256
2950.0,0.01015565188932752
2949.0,0.009913662002728169
2948.0,0.009652809921196938
2947.0,0.009377995160768796
2946.0,0.009092281178455354
2945.0,0.008799682392070006
2944.0,0.008508797935361969
2943.0,0.008229521759749689
2942.0,0.007967288920196281
2941.0,0.007723401416124873
2940.0,0.007498619186712735
2939.0,0.007293538922680372
2938.0,0.007106835992746912
2937.0,0.00693681329643941
2936.0,0.006784515047312987
2935.0,0.00665269185539277
2934.0,0.006542373533731714
2933.0,0.006451879103733884
2932.0,0.0063776964859934395
2931.0,0.006314070399243789
2930.0,0.006253769937636522
2929.0,0.006192422268640764
2928.0,0.006131313913373105
2927.0,0.006073873179064401
2926.0,0.006020258421601811
2925.0,0.005968502958998835
2924.0,0.00591993838615079
2923.0,0.005880281789567529
2922.0,0.005854650821443211
2921.0,0.005842642764391837
2920.0,0.0058388583023297885
2919.0,0.005837589670155308
2918.0,0.0058377129255984695
2917.0,0.005843267881168358
2916.0,0.005859453959467555
2915.0,0.00588869975169909
2914.0,0.005930983942352965
2913.0,0.005985098658639487
2912.0,0.006046636556866627
2911.0,0.006107112413332404
2910.0,0.006159661548408308
2909.0,0.006206421964776412
2908.0,0.0062553121823338016
2907.0,0.0063083968099018495
2906.0,0.006357829851021217
2905.0,0.00639533496410073
2904.0,0.0064224085807031575
2903.0,0.006447390201365042
2902.0,0.00647610586417183
2901.0,0.0065085821988942845
2900.0,0.006542657661826367
2899.0,0.006577334246407413
2898.0,0.006612886416714986
2897.0,0.006650189636936336
2896.0,0.006689195764708799
2895.0,0.006726863558368632
2894.0,0.006758234822986575
2893.0,0.006781465356771023
2892.0,0.006799289339802312
2891.0,0.0068134563053385095
2890.0,0.006819522854652165
2889.0,0.006810211063437222
2888.0,0.006783042251095268
2887.0,0.00674219384789843
2886.0,0.0066940817688624366
2885.0,0.006642842710553857
2884.0,0.006589240755462386
2883.0,0.006531590084277373
2882.0,0.006468379888110223
2881.0,0.0064016241202607535
2880.0,0.0063369024505211735
2879.0,0.006278851682622902
2878.0,0.006227271910981156
2877.0,0.006179012633398673
2876.0,0.006132089932125152
2875.0,0.006086917363794641
2874.0,0.006044931282294275
2873.0,0.006007423723810674
2872.0,0.005974096058318057
2871.0,0.005941250964570217
2870.0,0.00590363139077166
2869.0,0.005860252496566233
2868.0,0.005817245506318294
2867.0,0.00578227511282401
2866.0,0.005757226163009441
2865.0,0.005737924657594597
2864.0,0.005719233682049217
2863.0,0.005697998446520738
2862.0,0.005672061376218059
2861.0,0.005640307143837868
2860.0,0.005604343472205846
2859.0,0.005567742585389104
2858.0,0.005532390814995698
2857.0,0.005496373092089658
2856.0,0.005455248111232224
2855.0,0.005404666255237871
2854.0,0.005342271715341459
2853.0,0.005268661656182418
2852.0,0.0051873345372545725
2851.0,0.00510397753652172
2850.0,0.005026063119853388
2849.0,0.004960992693251325
2848.0,0.0049113066655194085
2847.0,0.004871199998764158
2846.0,0.0048312391012578036
2845.0,0.004787794289595389
2844.0,0.004746001599762621
2843.0,0.004711989006042435
2842.0,0.004683752564896505
2841.0,0.004652575678667368
2840.0,0.004612480790023992
2839.0,0.004566076599057392
2838.0,0.0045211664916924325
2837.0,0.0044832025084048845
2836.0,0.004452314828871324
2835.0,0.004426013794631537
2834.0,0.004402509912671086
2833.0,0.004380724680760137
2832.0,0.004358590850193322
2831.0,0.004334020238581201
2830.0,0.004308155546327693
2829.0,0.004285466112257894
2828.0,0.00426853699213742
2827.0,0.0042542221860199245
2826.0,0.004237125502496395
2825.0,0.004215694126532631
2824.0,0.0041929571308770555
2823.0,0.004172110289333151
2822.0,0.00415389805927604
2821.0,0.0041378992387395095
2820.0,0.004123236966121878
2819.0,0.004108049858525301
2818.0,0.004091314586383784
2817.0,0.004075527647032553
2816.0,0.004064499474890287
2815.0,0.004057650254303692
2814.0,0.004049597601349797
2813.0,0.004036910111165156
2812.0,0.004022535593239139
2811.0,0.004011798316986884
2810.0,0.004006206805883005
2809.0,0.004002557013092275
2808.0,0.003996218802997119
2807.0,0.003984214123028256
2806.0,0.003966976058578576
2805.0,0.003948625152197402
2804.0,0.003933967151932891
2803.0,0.003923561395819197
2802.0,0.0039133950606306585
2801.0,0.0039004815007030276
2800.0,0.0038861874676673677
2799.0,0.0038725510637403447
2798.0,0.003858092529751762
2797.0,0.0038403811270986375
2796.0,0.0038213647862735747
2795.0,0.0038064217577586323
2794.0,0.003797433193753308
2793.0,0.0037890353670861393
2792.0,0.0037730814778229446
2791.0,0.003746719673016251
2790.0,0.0037157403845651336
2789.0,0.0036901240736436315
2788.0,0.003676582439457378
2787.0,0.0036742874439230884
2786.0,0.003677112681307788
2785.0,0.0036792338409673054
2784.0,0.003677880356754224
2783.0,0.0036724970223951923
2782.0,0.0036633124506578255
2781.0,0.0036509627138350334
2780.0,0.0036364062676043536
2779.0,0.003620890252385693
2778.0,0.003606802221994306
2777.0,0.0035978535028225295
2776.0,0.00359644848318354
2775.0,0.003600399159015047
2774.0,0.0036036675371848284
2773.0,0.0036012851294468452
2772.0,0.003593414140033749
2771.0,0.0035846405347948283
2770.0,0.00357973486832189
2769.0,0.003579457371605363
2768.0,0.0035794608752320834
2767.0,0.0035740795557290665
2766.0,0.003562421308012049
2765.0,0.0035497416500494244
2764.0,0.003541354961036157
2763.0,0.0035367826693949575
2762.0,0.003531813340161736
2761.0,0.003524889265316924
2760.0,0.0035187319212156573
2759.0,0.003516129562893463
2758.0,0.0035170232482065176
2757.0,0.003519446360949353
2756.0,0.0035204771940390263
2755.0,0.0035164009340943885
2754.0,0.0035049251122601156
2753.0,0.003488182843945703
2752.0,0.00347149933344594
2751.0,0.003458516546395292
2750.0,0.0034491647609500783
2749.0,0.0034417599017837436
2748.0,0.003434260222418816
2747.0,0.0034236101146524144
2746.0,0.0034073736057185153
2745.0,0.003387078532437574
2744.0,0.003367396651073825
2743.0,0.003351245853471919
2742.0,0.0033381740886756677
2741.0,0.003327930231113262
2740.0,0.0033222509534640518
2739.0,0.00332109595946616
2738.0,0.003319762399954522
2737.0,0.003312663754805192
2736.0,0.003299152351732124
2735.0,0.0032838795629168117
2734.0,0.003271577861610799
2733.0,0.0032626693088312017
2732.0,0.0032539299886791616
2731.0,0.0032428689337921836
2730.0,0.0032309085987932704
2729.0,0.003221218160811967
2728.0,0.003213607589131175
2727.0,0.003203808006085238
2726.0,0.0031890489385176506
2725.0,0.0031719949028924535
2724.0,0.0031568017680660802
2723.0,0.0031436321229857006
2722.0,0.0031307244540144654
2721.0,0.003119895068456511
2720.0,0.0031151991057362218
2719.0,0.0031163750590989456
2718.0,0.0031182822095011786
2717.0,0.00311769045876025
2716.0,0.0031163127753147694
2715.0,0.0031159025984486746
2714.0,0.003114297707100462
2713.0,0.0031082890845284634
2712.0,0.003097460337827098
2711.0,0.0030832454168035484
2710.0,0.003066864875853032
2709.0,0.003050419228444621
2708.0,0.003037626816286522
2707.0,0.0030306506624359097
2706.0,0.0030271270314672504
2705.0,0.003022116342214439
2704.0,0.003012699166518619
2703.0,0.002999873372150566
2702.0,0.0029868665199015237
2701.0,0.002976332311413498
2700.0,0.0029685989362805186
2699.0,0.0029621131799811443
2698.0,0.0029556213492484273
2697.0,0.0029494303396009084
2696.0,0.002944245328867728
2695.0,0.0029403361316390152
2694.0,0.002938646484963625
2693.0,0.0029403011024429567
2692.0,0.0029428592030085045
2691.0,0.0029396779822523393
2690.0,0.0029269788123841693
2689.0,0.0029102218437626814
2688.0,0.002899407131966843
2687.0,0.002898153325393678
2686.0,0.002901084611429597
2685.0,0.0029015617224920193
2684.0,0.00289789850805288
2683.0,0.0028917188932300946
2682.0,0.0028846097572362756
2681.0,0.0028780263350969603
2680.0,0.002873307135402876
2679.0,0.002869967011866387
2678.0,0.002866090589271248
2677.0,0.002861291464750435
2676.0,0.0028573028448587636
2675.0,0.002855215555877408
2674.0,0.002854161014946535
2673.0,0.002852842195424304
2672.0,0.002850384687280928
2671.0,0.0028461377732895785
2670.0,0.0028411455955904253
2669.0,0.0028391424351420606
2668.0,0.0028430764707632803
2667.0,0.0028513016775564568
2666.0,0.0028603446817827105
2665.0,0.0028704456890376265
2664.0,0.002884130807166723
2663.0,0.002899885869473475
2662.0,0.002912259140003843
2661.0,0.0029192600726509685
2660.0,0.0029250979297612374
2659.0,0.0029340707545621935
2658.0,0.0029453555634903076
2657.0,0.002955152879391964
2656.0,0.0029607472026231016
2655.0,0.002961586352856139
2654.0,0.002960296836760385
2653.0,0.00296342558768118
2652.0,0.002976380349175946
2651.0,0.0029958166005425906
2650.0,0.0030112768073008735
2649.0,0.0030164967021829156
2648.0,0.0030155441905317963
2647.0,0.0030158886114113686
2646.0,0.00302015384299473
2645.0,0.0030270626702013147
2644.0,0.0030357280522979977
2643.0,0.003045047978757572
2642.0,0.0030520276140039927
2641.0,0.003054831893313663
2640.0,0.003055734174203991
2639.0,0.0030588351875997146
2638.0,0.0030671670796443636
2637.0,0.0030835203055054683
2636.0,0.0031100009532857853
2635.0,0.0031431476991139735
2634.0,0.0031726870273343817
2633.0,0.003189091387758377
2632.0,0.0031914858834228826
2631.0,0.003186327131232
2630.0,0.003180258959850669
2629.0,0.0031762258593915466
2628.0,0.0031739084638872307
2627.0,0.0031710936694730367
2626.0,0.003165930351726063
2625.0,0.003159173264311097
2624.0,0.00315284570254115
2623.0,0.0031466383967028895
2622.0,0.003138622101179577
2621.0,0.0031294925025056658
2620.0,0.00312197472888877
2619.0,0.0031154691233466203
2618.0,0.003106484644597085
2617.0,0.0030961373377718796
2616.0,0.0030915621919360165
2615.0,0.0030963449218095918
2614.0,0.0031036803458085456
2613.0,0.0031031868596378288
2612.0,0.0030920354531655185
2611.0,0.003076500917119806
2610.0,0.0030650884725659812
2609.0,0.003062598203210123
2608.0,0.003068064825343247
2607.0,0.0030762179607694267
2606.0,0.0030825203641667103
2605.0,0.0030875558781527923
2604.0,0.003094124539274097
2603.0,0.0031003497679523693
2602.0,0.0031002982017150535
2601.0,0.0030922838378710086
2600.0,0.0030816204615942587
2599.0,0.0030739491926457473
2598.0,0.0030707905896611653
2597.0,0.003072810045884752
2596.0,0.003081200786920195
2595.0,0.0030933751832904507
2594.0,0.0031032187964736358
2593.0,0.0031088177914357813
2592.0,0.0031149149083381507
2591.0,0.003124678424905967
2590.0,0.0031344146106597626
2589.0,0.003139894918350758
2588.0,0.003142555014126687
2587.0,0.0031453307123749637
2586.0,0.003147523139524031
2585.0,0.003148310463421151
2584.0,0.003150968321045746
2583.0,0.0031586018827725517
2582.0,0.0031687286493320877
2581.0,0.003176130264205883
2580.0,0.0031783023588067578
2579.0,0.003175042175428238
2578.0,0.0031665698156112293
2577.0,0.0031559709833513003
2576.0,0.0031500106292652796
2575.0,0.0031531612679879346
2574.0,0.003162644626940587
2573.0,0.0031720976180430807
2572.0,0.003178001123901108
2571.0,0.003180595901754618
2570.0,0.003181470285521256
2569.0,0.0031827660603493215
2568.0,0.0031862196017843326
2567.0,0.003190731457666617
2566.0,0.003192735398447123
2565.0,0.003189868893847206
2564.0,0.003182300658187994
2563.0,0.003171404994267939
2562.0,0.0031609265281524247
2561.0,0.0031577267895084114
2560.0,0.0031649123736423234
2559.0,0.0031744462185331955
2558.0,0.003173741525619169
2557.0,0.003160768964280677
2556.0,0.003146109606656907
2555.0,0.0031390330256679776
2554.0,0.0031389189421565248
2553.0,0.0031421839530493025
2552.0,0.0031487918898935705
2551.0,0.0031578851452416074
2550.0,0.0031646480281126176
2549.0,0.003166244842480777
2548.0,0.0031647716501731174
2547.0,0.0031606467727810002
2546.0,0.0031500980053198917
2545.0,0.003133864638741735
2544.0,0.00312129318362469
2543.0,0.003119596498661171
2542.0,0.003124245244968499
2541.0,0.003125878567819791
2540.0,0.003122475482268169
2539.0,0.0031191337141055786
2538.0,0.0031197039130687046
2537.0,0.0031238353457112267
2536.0,0.0031290280018944584
2535.0,0.0031312631665976233
2534.0,0.0031265381957737465
2533.0,0.0031153525344019325
2532.0,0.003102862709993089
2531.0,0.003092216589514146
2530.0,0.003081599434140773
2529.0,0.003069978480903104
2528.0,0.0030607058572566024
2527.0,0.0030562437816986734
2526.0,0.003054107299416777
2525.0,0.003051807210190065
2524.0,0.003051592862888931
2523.0,0.0030564512125467623
2522.0,0.0030646462384373114
2521.0,0.003070892617986428
2520.0,0.00306981458308101
2519.0,0.003057360488540697
2518.0,0.0030342732929754526
2517.0,0.0030103368497906
2516.0,0.0029990105119077634
2515.0,0.0030036592058551637
2514.0,0.003013233444289404
2513.0,0.003014403334505183
2512.0,0.003003756368079671
2511.0,0.002986092443178575
2510.0,0.002966526021683564
2509.0,0.002948065273532003
2508.0,0.0029324227176366338
2507.0,0.0029191895086100074
2506.0,0.0029068995959565546
2505.0,0.002896718081236277
2504.0,0.0028916120063666715
2503.0,0.002891039729906213
2502.0,0.0028911238233938533
2501.0,0.0028908944661028358
2500.0,0.002892953557277131
2499.0,0.0028969429109962285
2498.0,0.0028983427671794796
2497.0,0.0028952618031747083
2496.0,0.002890393248739448
2495.0,0.002884608666127807
2494.0,0.002874938563961194
2493.0,0.002860844625499315
2492.0,0.0028461193510019105
2491.0,0.002832438281027456
2490.0,0.0028172937040136176
2489.0,0.0028001043837044145
2488.0,0.0027837428594880134
2487.0,0.002768368054332393
2486.0,0.002750848203297066
2485.0,0.00273185391973757
2484.0,0.002715755864935877
2483.0,0.002701932459902388
2482.0,0.0026851851571906365
2481.0,0.0026674682288881785
2480.0,0.002659441879558301
2479.0,0.002665361277351986
2478.0,0.002674740363304532
2477.0,0.0026747232563417095
2476.0,0.002664031542373765
2475.0,0.0026497095532769365
2474.0,0.0026367422524253997
2473.0,0.0026258712611262306
2472.0,0.0026153792918830253
2471.0,0.0026005195697164072
2470.0,0.002577494688387354
2469.0,0.0025521336662155123
2468.0,0.0025378173861660734
2467.0,0.002540271338281038
2466.0,0.0025507604197169903
2465.0,0.0025579378756327544
2464.0,0.0025590450607592906
2463.0,0.0025556460704818044
2462.0,0.0025475475914236785
2461.0,0.0025376200839839127
2460.0,0.002534637732185254
2459.0,0.0025431373073590263
2458.0,0.002555800722103382
2457.0,0.002562687115578211
2456.0,0.0025631536245318888
2455.0,0.0025626691219787726
2454.0,0.002563029506281512
2453.0,0.0025620728609226317
2452.0,0.002558511911450868
2451.0,0.0025511981870532533
2450.0,0.0025381848516034394
2449.0,0.002522226519122098
2448.0,0.00251259523066644
2447.0,0.002515610268764632
2446.0,0.0025272433904997456
2445.0,0.002539506391943976
2444.0,0.002549085671037533
2443.0,0.002555065005666242
2442.0,0.0025542305805177057
2441.0,0.002545241786382001
2440.0,0.0025332867696756184
2439.0,0.002524945768822118
2438.0,0.002522115931637196
2437.0,0.002524880591083792
2436.0,0.002534480086540257
2435.0,0.002547982210082276
2434.0,0.0025558036065791876
2433.0,0.0025515428823918674
2432.0,0.002540759876626414
2431.0,0.002534295799958358
2430.0,0.002536422968918719
2429.0,0.002544331322169245
2428.0,0.002554583931435558
2427.0,0.0025642626497251043
2426.0,0.0025697279706999947
2425.0,0.002570440369696745
2424.0,0.0025715909377262078
2423.0,0.0025782787646795938
2422.0,0.0025895898044432245
2421.0,0.0026015138640707244
2420.0,0.002611430742714756
2419.0,0.002616377887783071
2418.0,0.0026126514574464545
2417.0,0.0026025455225883527
2416.0,0.0025970017972608344
2415.0,0.002605659491314882
2414.0,0.002626738571247897
2413.0,0.0026505036347127617
2412.0,0.0026691967899582997
2411.0,0.0026798364367995597
2410.0,0.0026814411358143013
2409.0,0.0026747105877656676
2408.0,0.00266236750795691
2407.0,0.0026465962507379744
2406.0,0.002628817076419838
2405.0,0.0026137343296639554
2404.0,0.0026089069725651693
2403.0,0.002617638210854151
2402.0,0.0026362312209679936
2401.0,0.0026594780225904923
2400.0,0.002683567643217355
2399.0,0.002702623480511445
2398.0,0.002709945567866002
2397.0,0.0027060676428218864
2396.0,0.002698760594443513
2395.0,0.0026916024623478514
2394.0,0.002680401164943914
2393.0,0.002664931685773784
2392.0,0.002654775801859662
2391.0,0.0026566051678407043
2390.0,0.002663127800290517
2389.0,0.0026625759370578774
2388.0,0.002653480607617211
2387.0,0.0026417909364731384
2386.0,0.0026281771329329045
2385.0,0.0026072693507944123
2384.0,0.002576666631415056
2383.0,0.0025383132236927296
2382.0,0.002492350518208857
2381.0,0.002437377312345019
2380.0,0.002377074340457344
2379.0,0.0023196051092878455
2378.0,0.0022690009906821958
2377.0,0.0022232846027261774
2376.0,0.002182405982895536
2375.0,0.002152020314789888
2374.0,0.0021374145337340043
2373.0,0.0021380371435059504
2372.0,0.0021481223613992427
2371.0,0.002157370842218058
2370.0,0.0021523107450163643
2369.0,0.0021252647412131564
2368.0,0.0020832294693296405
2367.0,0.002042741134112422
2366.0,0.002017350105369555
2365.0,0.00201324825448025
2364.0,0.0020289506667119897
2363.0,0.0020519110446485505
2362.0,0.0020649783588116855
2361.0,0.002061741674633138
2360.0,0.0020479556985967887
2359.0,0.002027347195292257
2358.0,0.0019979329379960476
2357.0,0.001966297989645048
2356.0,0.0019461439864040325
2355.0,0.0019394861000801295
2354.0,0.0019353795655663092
2353.0,0.001928238863458238
2352.0,0.0019242287300213813
2351.0,0.0019243521012093292
2350.0,0.0019185322939923187
2349.0,0.001899865164832512
2348.0,0.0018742093918927855
2347.0,0.0018532159905699855
2346.0,0.0018399041916599482
2345.0,0.001834948559270655
2344.0,0.0018477479984026917
2343.0,0.0018819953131081208
2342.0,0.0019215999056846236
2341.0,0.0019465019132618453
2340.0,0.001955165959024928
2339.0,0.0019570458628921563
2338.0,0.0019560928973895754
2337.0,0.001952559685906076
2336.0,0.0019525077920381562
2335.0,0.0019607268459539986
2334.0,0.001972449695347805
2333.0,0.0019792454672618153
2332.0,0.0019804912305876506
2331.0,0.001978735742819709
2330.0,0.0019748890502332165
2329.0,0.001976787498732554
2328.0,0.002003496088754938
2327.0,0.0020699659732586946
2326.0,0.0021661146777344673
2325.0,0.0022598994426452404
2324.0,0.0023168224352547464
2323.0,0.002320114019979797
2322.0,0.002281489754672165
2321.0,0.0022332515121969826
2320.0,0.002204346978214052
2319.0,0.002196539248345505
2318.0,0.0021902036084524936
2317.0,0.002171985125518912
2316.0,0.0021502401504167406
2315.0,0.0021406040213702033
2314.0,0.0021476356295731924
2313.0,0.002164644122614909
2312.0,0.0021845457618026257
2311.0,0.002202480504536867
2310.0,0.0022140146794551083
2309.0,0.002219361814039327
2308.0,0.0022256318698097495
2307.0,0.0022386885908224833
2306.0,0.0022555661443361187
2305.0,0.002269626477737656
2304.0,0.002279435628035994
2303.0,0.002287992057499906
2302.0,0.002298307311522504
2301.0,0.002313871121814549
2300.0,0.0023390406109302098
2299.0,0.002373048079859237
2298.0,0.0024073013040189556
2297.0,0.002434355938322818
2296.0,0.002456448639099745
2295.0,0.00248211934687875
2294.0,0.0025170700199703363
2293.0,0.002561925741023979
2292.0,0.002612989967324715
2291.0,0.002661999947376924
2290.0,0.002700730801645101
2289.0,0.002730831432170087
2288.0,0.002762972285667423
2287.0,0.002800305182275116
2286.0,0.0028294664370050737
2285.0,0.0028351971563730406
2284.0,0.00281959410231093
2283.0,0.002798648636673687
2282.0,0.0027839744090360427
2281.0,0.0027736021542648197
2280.0,0.002757709019795576
2279.0,0.002727863401089563
2278.0,0.0026853440991082746
2277.0,0.0026442011086009647
2276.0,0.0026197909347147573
2275.0,0.0026103251907795655
2274.0,0.0025979649528998718
2273.0,0.0025736529113439513
2272.0,0.002550284075871061
2271.0,0.002543801550023846
2270.0,0.0025512636144082628
2269.0,0.0025575187719732197
2268.0,0.002555226620518789
2267.0,0.002547203060925376
2266.0,0.0025363085896316457
2265.0,0.0025243899841227027
2264.0,0.0025167046387096566
2263.0,0.002517588541565175
2262.0,0.002524582472177121
2261.0,0.0025335733807429345
2260.0,0.002544928280382498
2259.0,0.0025585357173622723
2258.0,0.0025677535174031055
2257.0,0.002563562048992925
2256.0,0.0025408376416653474
2255.0,0.0024985255512271244
2254.0,0.0024432324359556184
2253.0,0.0023947114657464374
2252.0,0.0023754575815431644
2251.0,0.002388095448182397
2250.0,0.0024132370916906884
2249.0,0.0024320398791494446
2248.0,0.002440515205152549
2247.0,0.002438881416687696
2246.0,0.002424863847893036
2245.0,0.0024047989355577104
2244.0,0.002394481927447653
2243.0,0.0023986900598999966
2242.0,0.0024048044591225178
2241.0,0.002405656982881966
2240.0,0.0024120618324522656
2239.0,0.002430283354479304
2238.0,0.002444426824045391
2237.0,0.0024369368994919946
2236.0,0.002413587831453178
2235.0,0.0023930048201821017
2234.0,0.002383128624467575
2233.0,0.002383040824641096
2232.0,0.002395191073172387
2231.0,0.002419143076019015
2230.0,0.002441954629802065
2229.0,0.0024500892279856134
2228.0,0.0024447266278929685
2227.0,0.0024355948878399263
2226.0,0.002429491049328486
2225.0,0.002432907199533877
2224.0,0.00245148991663686
2223.0,0.0024751009637507377
2222.0,0.0024788270195040215
2221.0,0.002451801064558796
2220.0,0.0024119798653647333
2219.0,0.0023800992732539925
2218.0,0.002356275642555976
2217.0,0.002336360348972237
2216.0,0.0023309127225555914
2215.0,0.0023476566980321543
2214.0,0.002370862590728135
2213.0,0.0023796962831045478
2212.0,0.002376214415331374
2211.0,0.002375963014057362
2210.0,0.0023807765668038476
2209.0,0.0023803859451101196
2208.0,0.0023718910223145388
2207.0,0.0023591258460516325
2206.0,0.0023402008979523043
2205.0,0.002312658110791388
2204.0,0.0022846580017257183
2203.0,0.002267238557148357
2202.0,0.0022622698224517308
2201.0,0.002269072422924155
2200.0,0.0022914789900214338
2199.0,0.002325906072392016
2198.0,0.002353173544119102
2197.0,0.0023564425287058584
2196.0,0.002340813650679265
2195.0,0.002324026595753111
2194.0,0.0023165928270508134
2193.0,0.0023198357066431747
2192.0,0.002332281416906419
2191.0,0.0023486706305837
2190.0,0.0023618376550353973
2189.0,0.002370769483092107
2188.0,0.0023756826412008295
2187.0,0.0023654197146651445
2186.0,0.002329379386960994
2185.0,0.002283546041548278
2184.0,0.0022589646157312
2183.0,0.0022600585624517875
2182.0,0.0022639715472190076
2181.0,0.002266071460328831
2180.0,0.0022884937993061356
2179.0,0.0023302113628702477
2178.0,0.0023489073242591836
2177.0,0.00231533445829799
2176.0,0.0022550679044318596
2175.0,0.0022137499163948898
2174.0,0.002208902063347637
2173.0,0.0022364728049307915
2172.0,0.0022930330715583923
2171.0,0.0023675174995278544
2170.0,0.0024380801003176258
2169.0,0.00250005928976098
2168.0,0.0025722800505418616
2167.0,0.0026535075020962316
2166.0,0.0027056418216033313
2165.0,0.002711350909055272
2164.0,0.002715183617537814
2163.0,0.002759389632938421
2162.0,0.002798740173263758
2161.0,0.002728432078597365
2160.0,0.002497557218597115
2159.0,0.0021683483121561855
2158.0,0.0018648200800348903
2157.0,0.0016835618516537476
2156.0,0.00164507388816644
2155.0,0.0017035997770304004
2154.0,0.0017982544319221187
2153.0,0.0018978769628036876
2152.0,0.0019978664157796954
2151.0,0.002083302353979911
2150.0,0.0021252325221164385
2149.0,0.0021210779910594128
2148.0,0.002106851186961124
2147.0,0.0021115676856917204
2146.0,0.00212737979765456
2145.0,0.002139207203182707
2144.0,0.002150548190712397
2143.0,0.0021615788807946056
2142.0,0.002153018110820641
2141.0,0.002116896592556941
2140.0,0.0020789798228899453
2139.0,0.00206661699309772
2138.0,0.0020730975540944707
2137.0,0.00207235443428979
2136.0,0.0020507965087401617
2135.0,0.002008433173212723
2134.0,0.0019500879414663
2133.0,0.0018940994037514685
2132.0,0.0018698098591560987
2131.0,0.0018873006000635097
2130.0,0.0019245734358793595
2129.0,0.0019561051446120464
2128.0,0.0019802467974625463
2127.0,0.002007754660257392
2126.0,0.002040941497254183
2125.0,0.0020776944050360582
2124.0,0.0021202548429858315
2123.0,0.002163759680510159
2122.0,0.002189820391007855
2121.0,0.0021883681187888976
2120.0,0.0021765650212296353
2119.0,0.0021804228901169246
2118.0,0.0022068781469457162
2117.0,0.0022449999135910523
2116.0,0.002283526432497009
2115.0,0.0023137812256242888
2114.0,0.002327041324596266
2113.0,0.0023242517476733324
2112.0,0.002320293044404346
2111.0,0.002325367753356566
2110.0,0.0023311225609507283
2109.0,0.0023262128221117656
2108.0,0.0023146532060869147
2107.0,0.002306197694452903
2106.0,0.002300421903204212
2105.0,0.0022941701491343224
2104.0,0.0022931039200339695
2103.0,0.002300773335252246
2102.0,0.0023061042688716856
2101.0,0.002296341044934514
2100.0,0.0022742568257541813
2099.0,0.0022496181834094587
2098.0,0.0022217222065992934
2097.0,0.0021828009868010696
2096.0,0.002131990132843308
2095.0,0.0020773244816009355
2094.0,0.002032447204187607
2093.0,0.0020157412827101003
2092.0,0.002038784811547669
2091.0,0.002088058148582575
2090.0,0.002131058795773618
2089.0,0.0021494421257701214
2088.0,0.002153095896763426
2087.0,0.0021555236137917105
2086.0,0.0021539431221291082
2085.0,0.0021443251844573737
2084.0,0.0021361905128253465
2083.0,0.002137370498497043
2082.0,0.0021394866030896662
2081.0,0.002133016022244614
2080.0,0.002122792467615111
2079.0,0.00211513490715059
2078.0,0.0021040265624398587
2077.0,0.002084093047173124
2076.0,0.0020619595848709385
2075.0,0.00204140953434368
2074.0,0.002014123901793394
2073.0,0.001979233180777595
2072.0,0.0019556093538434446
2071.0,0.0019581204262733875
2070.0,0.00197709910431224
2069.0,0.0019943356478482038
2068.0,0.0020038336625268693
2067.0,0.0020033489473624553
2066.0,0.001984012012003859
2065.0,0.001946075849507641
2064.0,0.0019077266545640525
2063.0,0.0018805507646636622
2062.0,0.0018557102287359182
2061.0,0.001829084053610925
2060.0,0.0018188118159826645
2059.0,0.001840037853283898
2058.0,0.0018777383227911628
2057.0,0.0019020473291154328
2056.0,0.0019000014136679399
2055.0,0.001883621900121396
2054.0,0.0018800345847567108
2053.0,0.001917498346316654
2052.0,0.0019988097072634885
2051.0,0.002079164077895763
2050.0,0.002092989200929547
2049.0,0.0020203971537506205
2048.0,0.001909526262606704
2047.0,0.0018168087230926188
2046.0,0.0017597291921540648
2045.0,0.001742245799486306
2044.0,0.001775252343158916
2043.0,0.0018455705847062944
2042.0,0.001906629625145616
2041.0,0.001928713572353891
2040.0,0.001927960805846075
2039.0,0.0019224930556969529
2038.0,0.001902755320613237
2037.0,0.0018680479450353738
2036.0,0.0018425190561601205
2035.0,0.0018280711471663706
2034.0,0.001792071941098322
2033.0,0.001732612891176703
2032.0,0.001698365925117857
2031.0,0.0017076646530711052
2030.0,0.001711786347507693
2029.0,0.0016768451261932656
2028.0,0.0016433328382767663
2027.0,0.0016566113074111897
2026.0,0.0016941906431762563
2025.0,0.0017115685033351133
2024.0,0.0017114911809590462
2023.0,0.0017188571507007712
2022.0,0.0017317179781861588
2021.0,0.0017432753030047462
2020.0,0.0017702238724338236
2019.0,0.001815521124784789
2018.0,0.0018435809836108467
2017.0,0.0018376220536780261
2016.0,0.0018391104603885453
2015.0,0.0018780365065494636
2014.0,0.0019169419399641399
2013.0,0.0019111033017532838
2012.0,0.001877594856417107
2011.0,0.0018603050431279802
2010.0,0.0018637304680286853
2009.0,0.0018681595961468182
2008.0,0.0018762853855430874
2007.0,0.0018966100878835851
2006.0,0.0019107730684528859
2005.0,0.0019000599579632627
2004.0,0.0018771685660110974
2003.0,0.0018592893424520978
2002.0,0.0018444459556650734
2001.0,0.0018414554141442674
2000.0,0.0018806151865570775
1999.0,0.00196497734382106
1998.0,0.0020477654970460966
1997.0,0.0020913202628803098
1996.0,0.0021144030303517766
1995.0,0.0021498602764576645
1994.0,0.0021941360621522167
1993.0,0.002232101710203422
1992.0,0.0022745047375018392
1991.0,0.0023251147939351655
1990.0,0.0023497207453805936
1989.0,0.0023304548878930616
1988.0,0.0023106489897760317
1987.0,0.0023400532000175996
1986.0,0.0024051626642974146
1985.0,0.0024591091557592797
1984.0,0.0024932183568517462
1983.0,0.0025329020940137643
1982.0,0.0025856576961658436
1981.0,0.0026355499928297143
1980.0,0.0026676310569481334
1979.0,0.0026629505548300477
1978.0,0.0025956346809675426
1977.0,0.0024795828180407702
1976.0,0.0023836864063176456
1975.0,0.002353170679499123
1974.0,0.0023585740533017367
1973.0,0.0023600075844010778
1972.0,0.0023709408844614886
1971.0,0.002417883195372931
1970.0,0.0024842629657811643
1969.0,0.0025376017362807586
1968.0,0.0025758100434399465
1967.0,0.002606978448779105
1966.0,0.002617323765277198
1965.0,0.0026028910938902723
1964.0,0.0025926207641600177
1963.0,0.0026039763938701358
1962.0,0.002614863897151134
1961.0,0.00260562099665971
1960.0,0.0025943574190621797
1959.0,0.0026028796148611093
1958.0,0.002627712637157836
1957.0,0.0026698570052764146
1956.0,0.002745736224964012
1955.0,0.002841395841055768
1954.0,0.002903766533983624
1953.0,0.0029087267152537503
1952.0,0.0028939277966729335
1951.0,0.0028932070935885194
1950.0,0.0028886225445043695
1949.0,0.002858924052274045
1948.0,0.0028272789611667225
1947.0,0.0028216788252111006
1946.0,0.002827033416443995
1945.0,0.0028164093736700287
1944.0,0.0027947932479442973
1943.0,0.0027720574075321995
1942.0,0.0027264695675485056
1941.0,0.0026432863866795893
1940.0,0.00255109441389664
1939.0,0.002479646222259524
1938.0,0.0024256340759343433
1937.0,0.002378463750735222
1936.0,0.0023454070523193198
1935.0,0.0023277719118383207
1934.0,0.002302847697480183
1933.0,0.0022578958976366918
1932.0,0.002214295918967885
1931.0,0.0021867262584882485
1930.0,0.0021545015332063646
1929.0,0.0021021791090556174
1928.0,0.0020542817359334247
1927.0,0.0020401905368930555
1926.0,0.002047581012454777
1925.0,0.002045650155126365
1924.0,0.0020263987203217727
1923.0,0.00199876637951051
1922.0,0.0019627668581105643
1921.0,0.0019199803885503845
1920.0,0.0018886327537293113
1919.0,0.0018788821228557034
1918.0,0.0018681818505733583
1917.0,0.0018338166180102773
1916.0,0.0017894529848774966
1915.0,0.0017555404949881955
1914.0,0.0017304937624330506
1913.0,0.001709655267271339
1912.0,0.0017037226250930476
1911.0,0.0017160044934253211
1910.0,0.0017229877018673748
1909.0,0.001704110748281086
1908.0,0.0016718915642522758
1907.0,0.0016461005600608071
1906.0,0.0016210990059050572
1905.0,0.001589561348882398
1904.0,0.0015657061882221254
1903.0,0.0015608804120123148
1902.0,0.0015620925470465393
1901.0,0.0015551268889035983
1900.0,0.0015458215147476791
1899.0,0.0015397790042415878
1898.0,0.001523062145098859
1897.0,0.0014882968874013293
1896.0,0.0014565692953160357
1895.0,0.0014480839491458357
1894.0,0.001451750743736746
1893.0,0.001451878806657565
1892.0,0.0014553108132948278
1891.0,0.001466468134697114
1890.0,0.001463884684165165
1889.0,0.0014338502568033771
1888.0,0.001401546969857277
1887.0,0.0013887037936720277
1886.0,0.0013821748328446373
1885.0,0.0013649675325502493
1884.0,0.0013466206223001372
1883.0,0.0013407285597412367
1882.0,0.0013383023741633411
1881.0,0.0013287282842572273
1880.0,0.001322994834988589
1879.0,0.0013312864845359273
1878.0,0.001338561983738954
1877.0,0.0013296182226626469
1876.0,0.001319501129354129
1875.0,0.0013278146198897767
1874.0,0.001345500745853139
1873.0,0.0013555705078480862
1872.0,0.00136540965433208
1871.0,0.0013904714209517837
1870.0,0.0014187540754994575
1869.0,0.001420638909851927
1868.0,0.0013993222479263016
1867.0,0.0013784766461612773
1866.0,0.0013587289610447813
1865.0,0.001338986447832042
1864.0,0.0013361394140954253
1863.0,0.0013577558527401053
1862.0,0.0013821486571398928
1861.0,0.0013873501052981852
1860.0,0.0013834817160824492
1859.0,0.0013904467293928554
1858.0,0.0014029321105218813
1857.0,0.0014076856063215146
1856.0,0.0014136205500118332
1855.0,0.001434141431176633
1854.0,0.0014594546283289954
1853.0,0.0014772811976653363
1852.0,0.0014973821931764393
1851.0,0.0015353640006054818
1850.0,0.0015821094059339292
1849.0,0.0016172719234900977
1848.0,0.0016424733478457307
1847.0,0.0016729743101151346
1846.0,0.001709034861905476
1845.0,0.001741364956846459
1844.0,0.0017733860605660997
1843.0,0.001804884901604744
1842.0,0.0018161641645750117
1841.0,0.0018068555671701043
1840.0,0.0018063185442198759
1839.0,0.001833942667064312
1838.0,0.001870702156845737
1837.0,0.0018939587844763375
1836.0,0.0019186626442246873
1835.0,0.001965782578754548
1834.0,0.002019272813950472
1833.0,0.002053747661178744
1832.0,0.0020768899745646913
1831.0,0.002115609864333778
1830.0,0.002161266996190841
1829.0,0.0021798021615398533
1828.0,0.0021773767261938637
1827.0,0.0021805691202713556
1826.0,0.0021870587904020337
1825.0,0.00218058308692437
1824.0,0.002171392743657073
1823.0,0.002176528193400641
1822.0,0.002184556803203174
1821.0,0.0021790968973700994
1820.0,0.002167231334511543
1819.0,0.00216108435169709
1818.0,0.00214869634548425
1817.0,0.002120499790457201
1816.0,0.0020998722975021224
1815.0,0.0021073556957615204
1814.0,0.002125396317835277
1813.0,0.0021274770705089594
1812.0,0.0021230129859892235
1811.0,0.0021340392877984113
1810.0,0.0021441252840050636
1809.0,0.00212868555553279
1808.0,0.002106043632964916
1807.0,0.0021055162692745913
1806.0,0.0021204732939029748
1805.0,0.002130576347870645
1804.0,0.002141393073661837
1803.0,0.002164934140124343
1802.0,0.002184504825362766
1801.0,0.002176247107449473
1800.0,0.0021637285511874856
1799.0,0.0021813871132091147
1798.0,0.0022111527168607154
1797.0,0.0022202828350608396
1796.0,0.0022204614106260496
1795.0,0.002243859396041947
1794.0,0.0022879036485026023
1793.0,0.002318022975239335
1792.0,0.0023319276505987395
1791.0,0.002353865192645385
1790.0,0.002368356587748603
1789.0,0.0023625401984568553
1788.0,0.002366756268286368
1787.0,0.0024068782464231287
1786.0,0.002459144791087219
1785.0,0.0024851871131357298
1784.0,0.0024994690100271495
1783.0,0.0025386227165136084
1782.0,0.002593939925811929
1781.0,0.0026267423704589648
1780.0,0.002643876017501415
1779.0,0.0026819255066794436
1778.0,0.002733540414454889
1777.0,0.00277027005718887
1776.0,0.002800155007258265
1775.0,0.002852983705574775
1774.0,0.002923869876178396
1773.0,0.0029775625764631056
1772.0,0.003030470218272491
1771.0,0.003127582859871415
1770.0,0.0032248975442890427
1769.0,0.0032733335453756633
1768.0,0.0033124958022214316
1767.0,0.0033950116842384258
1766.0,0.003496145448710786
1765.0,0.00357484930698953
1764.0,0.003661581816933326
1763.0,0.003819091333596156
1762.0,0.004028900296760979
1761.0,0.004200549020775539
1760.0,0.004339330539704092
1759.0,0.004522742301140094
1758.0,0.004766825547996882
1757.0,0.005030711971540028
1756.0,0.005310356170453044
1755.0,0.00564000169195141
1754.0,0.006015076303436057
1753.0,0.006424432628778656
1752.0,0.006932647115431828
1751.0,0.007641997099345166
1750.0,0.00851945306576669
1749.0,0.00945958391795168
1748.0,0.010494329295542405
1747.0,0.011693164080794387
1746.0,0.013044214066982912
1745.0,0.01456438615914122
1744.0,0.016334657935743506
1743.0,0.018338278574642812
1742.0,0.020479012267151663
1741.0,0.022867638407115847
1740.0,0.025740377844244964
1739.0,0.028838904328095268
1738.0,0.031502740166124865
1737.0,0.03362087939388036
1736.0,0.03579894113813487
1735.0,0.03905901383457846
1734.0,0.04351700326426706
1733.0,0.04740454270275688
1732.0,0.05013232911097334
1731.0,0.05267397748913516
1730.0,0.05550537242902043
1729.0,0.05842804891256845
1728.0,0.06118677461826656
1727.0,0.06382513136244826
1726.0,0.06648499017726324
1725.0,0.06921182427097851
1724.0,0.07198787653874293
1723.0,0.07472278844945113
1722.0,0.07722517646507096
1721.0,0.07938712120250634
1720.0,0.08139030779773884
1719.0,0.08365098686192718
1718.0,0.08619636761508485
1717.0,0.08810831893771695
1716.0,0.08898724538800176
1715.0,0.08950696190628363
1714.0,0.08984159247960977
1713.0,0.08965362049930747
1712.0,0.08884571746372616
1711.0,0.08754355464336154
1710.0,0.08577405415704352
1709.0,0.08345896711675406
1708.0,0.08053862019746573
1707.0,0.0767931761451697
1706.0,0.07197163351322249
1705.0,0.06685020674857124
1704.0,0.06287057042734821
1703.0,0.060195792431758044
1702.0,0.05767268032980551
1701.0,0.053541596052403516
1700.0,0.04796369699784934
1699.0,0.04380257410261438
1698.0,0.04150129644118965
1697.0,0.03929660189776959
1696.0,0.03633133412694897
1695.0,0.03355256827696252
1694.0,0.031823057032624995
1693.0,0.030796599862835845
1692.0,0.029924388375018717
1691.0,0.02890890339133231
1690.0,0.02774000059889204
1689.0,0.026654527566670704
1688.0,0.025876293171396482
1687.0,0.02537478827024153
1686.0,0.024912016162435532
1685.0,0.02401523365827164
1684.0,0.022555948871511366
1683.0,0.021399187347931392
1682.0,0.020815092622758557
1681.0,0.02038762201815472
1680.0,0.01990206314074925
1679.0,0.01938783994990893
1678.0,0.01893348106696787
1677.0,0.018488458620397125
1676.0,0.017878942658181036
1675.0,0.017093574050079503
1674.0,0.016427062348667587
1673.0,0.016022586763611586
1672.0,0.015716511525314072
1671.0,0.015280500864514584
1670.0,0.014620900151040802
1669.0,0.01392176113712953
1668.0,0.013394890535200064
1667.0,0.013037809290083094
1666.0,0.012773254776295966
1665.0,0.01252332682725181
1664.0,0.012186760965850047
1663.0,0.011704395994430636
1662.0,0.01119850963884763
1661.0,0.010824823102440357
1660.0,0.010562746854789855
1659.0,0.010344273901448011
1658.0,0.010165460915010228
1657.0,0.010057902493180781
1656.0,0.010001551659350467
1655.0,0.009921108320577902
1654.0,0.009625116654012184
1653.0,0.009098757216301084
1652.0,0.008764796300903741
1651.0,0.00865959612311577
1650.0,0.00863251340724584
1649.0,0.00862938275613223
1648.0,0.008542070595405555
1647.0,0.00828230205116477
1646.0,0.007999412744015567
1645.0,0.007854832008188635
1644.0,0.007786875913231245
1643.0,0.0077210692653848206
1642.0,0.0076512123696447385
1641.0,0.007593925239575463
1640.0,0.0075528277280619924
1639.0,0.007515620985765296
1638.0,0.007467822956205818
1637.0,0.007377443711252603
1636.0,0.007192065113446618
1635.0,0.006973585685755988
1634.0,0.006838207333554111
1633.0,0.006776254495661485
1632.0,0.006731276320853897
1631.0,0.0066726158479308685
1630.0,0.0065975115042673504
1629.0,0.00651417713868882
1628.0,0.006420213467764764
1627.0,0.006319978911053273
1626.0,0.006235667637857898
1625.0,0.006173022160938273
1624.0,0.006101333554111762
1623.0,0.0060065760517656495
1622.0,0.005949237066355614
1621.0,0.005974675262242852
1620.0,0.006058744363186078
1619.0,0.006176384482421032
1618.0,0.0063475961175054555
1617.0,0.006589314405177718
1616.0,0.0068022584559329245
1615.0,0.006876582962632766
1614.0,0.00683908285930322
1613.0,0.006748670016028284
1612.0,0.006610025828580091
1611.0,0.006399318213860184
1610.0,0.006123414917015126
1609.0,0.005825688977209505
1608.0,0.00553352311326941
1607.0,0.005250611663248063
1606.0,0.00499064863119945
1605.0,0.004763773137929357
1604.0,0.00455073652905684
1603.0,0.004329282521066149
1602.0,0.004110043682090997
1601.0,0.003916956687182413
1600.0,0.0037491258749213995
1599.0,0.003596035317276325
1598.0,0.0034658706282799483
1597.0,0.0033697504530195905
1596.0,0.0032979486766931197
1595.0,0.003236801141472769
1594.0,0.0031948273705470157
1593.0,0.0031832888678527856
1592.0,0.003190175985075937
1591.0,0.0032014807921093764
1590.0,0.0032302080788783236
1589.0,0.003300437485422081
1588.0,0.003421407117549879
1587.0,0.003604976036823473
1586.0,0.0038894002526098257
1585.0,0.0043173796925219
1584.0,0.004893760343648937
1583.0,0.005583877477855974
1582.0,0.006324826768495609
1581.0,0.007029251295846694
1580.0,0.007611395881274798
1579.0,0.007995358943293972
1578.0,0.008086567466999818
1577.0,0.007744009713075349
1576.0,0.00699915384976195
1575.0,0.006226259024670827
1574.0,0.005672582842655158
1573.0,0.005280834213238945
1572.0,0.0049453987412700975
1571.0,0.00457872818025031
1570.0,0.004145437826534306
1569.0,0.0037456408412414248
1568.0,0.003477542293614998
1567.0,0.0033019213614393287
1566.0,0.0031519872683493833
1565.0,0.0030123751334381306
1564.0,0.0028957092418787963
1563.0,0.0028217116683114255
1562.0,0.0027816350645290863
1561.0,0.002763609933087248
1560.0,0.0027185022028274673
1559.0,0.0025505061807076226
1558.0,0.0023926996059951224
1557.0,0.002330543969538601
1556.0,0.0022736894120276704
1555.0,0.002197059211637258
1554.0,0.0021239181698682772
1553.0,0.0020756931300761855
1552.0,0.0020435817596831333
1551.0,0.0020042558069207797
1550.0,0.0019476075113775062
1549.0,0.001887734902625297
1548.0,0.0018434151545623776
1547.0,0.0018216455809398162
1546.0,0.0018220773497509577
1545.0,0.0018324047382046237
1544.0,0.0018298815768676136
1543.0,0.0018056201562426989
1542.0,0.0017769153234352968
1541.0,0.0017569488158132617
1540.0,0.001728155021093064
1539.0,0.0016946446428057645
1538.0,0.0016774396979224026
1537.0,0.0016769556027037519
1536.0,0.0016921707779700697
1535.0,0.0017288895533133283
1534.0,0.0017937126862369159
1533.0,0.0018635748853090676
1532.0,0.0019048489354474719
1531.0,0.0019263564482966077
1530.0,0.0019571397245646345
1529.0,0.0020050766263613414
1528.0,0.0020483877420518905
1527.0,0.002063567752366262
1526.0,0.002060221874215423
1525.0,0.002058743853526294
1524.0,0.0020580160805179952
1523.0,0.0020475848494315575
1522.0,0.0020248968850325533
1521.0,0.001994686764554583
1520.0,0.001957425826838215
1519.0,0.001923348168646822
1518.0,0.0019198515250282637
1517.0,0.001953131243224329
1516.0,0.0019975005758814768
1515.0,0.0020478600480413585
1514.0,0.002151077017996059
1513.0,0.0023452087638377527
1512.0,0.002649402792744773
1511.0,0.0030293203877226334
1510.0,0.003491566818159983
1509.0,0.0040929582780581154
1508.0,0.0051537888972584735
1507.0,0.006808188957705171
1506.0,0.008000786288590687
1505.0,0.008164561673426706
1504.0,0.007747678066934005
1503.0,0.007018516733149295
1502.0,0.006100170104744501
1501.0,0.0051040524834773445
1500.0,0.004143610053011754
1499.0,0.003292778150602287
1498.0,0.002558768281035529
1497.0,0.001960189976181442
1496.0,0.0015309476100560362
1495.0,0.0012499061972194774
1494.0,0.001074981410183101
1493.0,0.0009940035583611779
1492.0,0.0009860233490495206
1491.0,0.0009935761134897685
1490.0,0.000982318875543152
1489.0,0.0009915808055846675
1488.0,0.001034901262247703
1487.0,0.001075541552455947
1486.0,0.001113064950118555
1485.0,0.0011748650030970844
1484.0,0.0012619164335076316
1483.0,0.0013573011380016897
1482.0,0.0014590102308034804
1481.0,0.0015756573712238495
1480.0,0.0016961745916506353
1479.0,0.0018045328132960605
1478.0,0.0019159130748793009
1477.0,0.0020578387498191584
1476.0,0.002220333525242644
1475.0,0.0023613131284827057
1474.0,0.0024915884084903456
1473.0,0.0026787460622396215
1472.0,0.002902595103490472
1471.0,0.003080163954373861
1470.0,0.0032353201557271134
1469.0,0.003433602067022971
1468.0,0.0036929894543900723
1467.0,0.004015532605410254
1466.0,0.004448735944031196
1465.0,0.005039138178914882
1464.0,0.0056799852920894804
1463.0,0.006223832872796622
1462.0,0.006688085125295906
1461.0,0.0071573633238551605
1460.0,0.007669056695211674
1459.0,0.008217374153393056
1458.0,0.008853015482754363
1457.0,0.009541249574797716
1456.0,0.009995839622900193
1455.0,0.010157548870022426
1454.0,0.010218003324096697
1453.0,0.01026142570294344
1452.0,0.010268134705903502
1451.0,0.01021684892826377
1450.0,0.01013454502735122
1449.0,0.010038555408883685
1448.0,0.009909187537155018
1447.0,0.00975813490212918
1446.0,0.009642335367249998
1445.0,0.009576311148782844
1444.0,0.009515968069176135
1443.0,0.009426389514754429
1442.0,0.009314898401990353
1441.0,0.009199536461243532
1440.0,0.009069255094665711
1439.0,0.00888315492885179
1438.0,0.00856431121077564
1437.0,0.008022039399170539
1436.0,0.007330419101542569
1435.0,0.006703122586893022
1434.0,0.00619693164268271
1433.0,0.005733427393680234
1432.0,0.0052546034788141585
1431.0,0.004759735703715961
1430.0,0.004292528027504473
1429.0,0.0039033877682113902
1428.0,0.003625808973099471
1427.0,0.003456354066462154
1426.0,0.003370128377415083
1425.0,0.003350806512797362
1424.0,0.0034000835392223204
1423.0,0.003513531824745011
1422.0,0.0036902835916863275
1421.0,0.00398372126594159
1420.0,0.0045292323737280045
1419.0,0.005434814795592474
1418.0,0.006604337173679174
1417.0,0.007932263707998913
1416.0,0.009504396586346144
1415.0,0.011437598102189885
1414.0,0.013794220052220777
1413.0,0.01656715151123102
1412.0,0.01953997945831048
1411.0,0.022210103836180776
1410.0,0.024074143784039208
1409.0,0.024940025440166064
1408.0,0.0248112956629151
1407.0,0.023727220524099018
1406.0,0.02184835721392965
1405.0,0.01955890105630692
1404.0,0.017381257548208722
1403.0,0.015666298900176713
1402.0,0.014408737948897216
1401.0,0.013398097777830893
1400.0,0.012417933583878868
1399.0,0.011429311503796825
1398.0,0.010583428332184789
1397.0,0.009938689340674572
1396.0,0.00935845119547406
1395.0,0.008728496540378631
1394.0,0.00811811699056097
1393.0,0.00763543389221164
1392.0,0.007270025990779733
1391.0,0.006967863068157373
1390.0,0.006705732642457871
1389.0,0.006474522112525687
1388.0,0.006261534241718073
1387.0,0.0060796763161040926
1386.0,0.005976535613096868
1385.0,0.005978069395641319
1384.0,0.00607426472744103
1383.0,0.006253332433643626
1382.0,0.006514924056251556
1381.0,0.006863532273132007
1380.0,0.007295203474422563
1379.0,0.007787517597141477
1378.0,0.008310041873142538
1377.0,0.0088542111846433
1376.0,0.00943783459793889
1375.0,0.010060119065052579
1374.0,0.01065070658248644
1373.0,0.011109423950003939
1372.0,0.01139458047256043
1371.0,0.011502560329432225
1370.0,0.011405101656314831
1369.0,0.011056613092456313
1368.0,0.010458120662143647
1367.0,0.009692765327455583
1366.0,0.008857491183496925
1365.0,0.007979051611564297
1364.0,0.007018049921311834
1363.0,0.005985770796584738
1362.0,0.005044039412142244
1361.0,0.004351041335473959
1360.0,0.0038918239614474707
1359.0,0.003573878246657776
1358.0,0.0033446174561798008
1357.0,0.003188801544023601
1356.0,0.0030926673383487317
1355.0,0.0030390884977909384
1354.0,0.0030274033863851705
1353.0,0.0030675648130406917
1352.0,0.0031600236863450456
1351.0,0.0032985215142112253
1350.0,0.0034879815259410427
1349.0,0.0037388778963736774
1348.0,0.004046876249104002
1347.0,0.004396850544344539
1346.0,0.0047805110108166135
1345.0,0.005189722129733321
1344.0,0.005597846407919955
1343.0,0.00596877811985958
1342.0,0.006275819113163036
1341.0,0.006489813083568044
1340.0,0.006556511880619638
1339.0,0.006431906065336067
1338.0,0.006146503533516892
1337.0,0.005779369150523943
1336.0,0.005390032289562221
1335.0,0.00501441601893964
1334.0,0.00468686257613785
1333.0,0.004437449896598857
1332.0,0.004279697448923946
1331.0,0.004214938168079243
1330.0,0.004243768475602691
1329.0,0.004363661774536199
1328.0,0.004561340836811517
1327.0,0.004819390433814685
1326.0,0.005130501266913958
1325.0,0.005494574366851254
1324.0,0.0059016855455902364
1323.0,0.006331131999837923
1322.0,0.0067706748238352005
1321.0,0.007222476537961264
1320.0,0.007683716817483438
1319.0,0.008136843944062434
1318.0,0.008570525777475286
1317.0,0.008994908799002988
1316.0,0.009425776878439818
1315.0,0.009873105050238274
1314.0,0.010350455308307888
1313.0,0.010871192714882199
1312.0,0.011427926443994669
1311.0,0.012000528213653928
1310.0,0.012588771893309309
1309.0,0.013208608638615081
1308.0,0.013852952878988092
1307.0,0.014487552151952193
1306.0,0.015098985903741593
1305.0,0.015717895429776096
1304.0,0.016384697971035624
1303.0,0.01712702476218195
1302.0,0.017979745981580725
1301.0,0.018985902704797716
1300.0,0.020154464970457874
1299.0,0.021446610608071397
1298.0,0.022820832674043112
1297.0,0.024257723155040496
1296.0,0.02572486360468408
1295.0,0.027165920530491418
1294.0,0.028553711460517966
1293.0,0.029906644875667215
1292.0,0.03122733377934677
1291.0,0.032477559469868175
1290.0,0.033638532521413855
1289.0,0.0347364594683905
1288.0,0.035776812954107486
1287.0,0.036716736592738844
1286.0,0.03753662201264021
1285.0,0.03827099787800299
1284.0,0.03893817378371352
1283.0,0.039509067510016996
1282.0,0.039972700517320756
1281.0,0.04036508070784325
1280.0,0.04070672896485482
1279.0,0.04098267659299818
1278.0,0.0412138211265133
1277.0,0.04147878330615537
1276.0,0.04183826037541601
1275.0,0.04230364931642638
1274.0,0.04290167867579025
1273.0,0.043697751655115996
1272.0,0.044720372379869706
1271.0,0.04592337654461586
1270.0,0.047259482949729044
1269.0,0.04872535419592972
1268.0,0.050294999602466174
1267.0,0.051886857278377656
1266.0,0.053444048564214544
1265.0,0.05497220454929877
1264.0,0.056454469313677653
1263.0,0.057814498191271865
1262.0,0.05900771145975079
1261.0,0.06005639874868834
1260.0,0.06095206141502194
1259.0,0.06163093481784098
1258.0,0.06209475155992632
1257.0,0.062443129324234375
1256.0,0.06274898837229148
1255.0,0.06301341854839966
1254.0,0.0632689821892651
1253.0,0.06360945062622156
1252.0,0.06407555187853399
1251.0,0.06461720134852332
1250.0,0.06520883960989592
1249.0,0.06589633432271916
1248.0,0.06668988922377365
1247.0,0.06752104312071879
1246.0,0.06835160811744904
1245.0,0.06921626046761525
1244.0,0.0701091891331677
1243.0,0.07094155884518544
1242.0,0.07166099419383141
1241.0,0.07229282061895
1240.0,0.07281270971874321
1239.0,0.07310180329669021
1238.0,0.0730771999265175
1237.0,0.07274267550003774
1236.0,0.07206818713998506
1235.0,0.07095990956443453
1234.0,0.06939982646390033
1233.0,0.06748504958670555
1232.0,0.06529738105826725
1231.0,0.0628626335977939
1230.0,0.06025192462573049
1229.0,0.0575891259882061
1228.0,0.054937140167999235
1227.0,0.05228200595761739
1226.0,0.04963572968621436
1225.0,0.047061806892079255
1224.0,0.04459668948715646
1223.0,0.04223054992287289
1222.0,0.03996989024315385
1221.0,0.037848784926970226
1220.0,0.035876576969456224
1219.0,0.03403302480249668
1218.0,0.0323157485420936
1217.0,0.03074310782340588
1216.0,0.029311032004379293
1215.0,0.02799019232574388
1214.0,0.026764691421528816
1213.0,0.025637578534421012
1212.0,0.024601567214057287
1211.0,0.02363825014417157
1210.0,0.02274343603610267
1209.0,0.02192172859992783
1208.0,0.021159142551792284
1207.0,0.020429762536351707
1206.0,0.019726587152805806
1205.0,0.019059875016988366
1204.0,0.01842882134860121
1203.0,0.017819974984656872
1202.0,0.01722940602955157
1201.0,0.016662260370365133
1200.0,0.016113765991994877
1199.0,0.015572551001379352
1198.0,0.01503963574311165
1197.0,0.014524536241358584
1196.0,0.014026799039605313
1195.0,0.013540362631779624
1194.0,0.013071728470358686
1193.0,0.012635739517062157
1192.0,0.01223720189631468
1191.0,0.011872880898216124
1190.0,0.011548000723662511
1189.0,0.011276097784117298
1188.0,0.011066079740810126
1187.0,0.010922802844136225
1186.0,0.010857300343403523
1185.0,0.010883268204582254
1184.0,0.011003835754503763
1183.0,0.011210799262207319
1182.0,0.011494284458566529
1181.0,0.01184251299109649
1180.0,0.012231810378373167
1179.0,0.012628805951081174
1178.0,0.013005498534206072
1177.0,0.01334057963351299
1176.0,0.013604069360041623
1175.0,0.01375641059488621
1174.0,0.013768165045105703
1173.0,0.01362663118477086
1172.0,0.013323902689043756
1171.0,0.012862155292664384
1170.0,0.012275446659585236
1169.0,0.011626426862330409
1168.0,0.010977755682123787
1167.0,0.010377965626743332
1166.0,0.009864980037654382
1165.0,0.00946005105665044
1164.0,0.009158544127486321
1163.0,0.00894073390621768
1162.0,0.008793068274631215
1161.0,0.008713109682231615
1160.0,0.008700133670792996
1159.0,0.008753640424640463
1158.0,0.008879457912084731
1157.0,0.009086883316845155
1156.0,0.009380118422877422
1155.0,0.009760955723685209
1154.0,0.01023779182060423
1153.0,0.010821010780907012
1152.0,0.011508614728832953
1151.0,0.012287371551203581
1150.0,0.013150027899616654
1149.0,0.014098449009686055
1148.0,0.015125499155695521
1147.0,0.01620900535992066
1146.0,0.017330111103693226
1145.0,0.018479553517266892
1144.0,0.01963700171684588
1143.0,0.020765906619027094
1142.0,0.021842131436111273
1141.0,0.0228650905676859
1140.0,0.02382934728923198
1139.0,0.02471552222924271
1138.0,0.025522860130891976
1137.0,0.02627674633847866
1136.0,0.02698938904670378
1135.0,0.027649743605156193
1134.0,0.028266430049336183
1133.0,0.02888077523711721
1132.0,0.029524312220035227
1131.0,0.030205954991082036
1130.0,0.030953927417547416
1129.0,0.031823001690036795
1128.0,0.03283953831454772
1127.0,0.03398108902553438
1126.0,0.03522672072483697
1125.0,0.03657692739802372
1124.0,0.03799933771888503
1123.0,0.039408757467914245
1122.0,0.04073276964304707
1121.0,0.041942652363080236
1120.0,0.042991272820193056
1119.0,0.043790501163093104
1118.0,0.04428856558864993
1117.0,0.044503373695659425
1116.0,0.04445416219366302
1115.0,0.0441446046035809
1114.0,0.04364582209929699
1113.0,0.04311431976541926
1112.0,0.042698088069666344
1111.0,0.042491268805768735
1110.0,0.042582780197627165
1109.0,0.04305923854497446
1108.0,0.0439298058826038
1107.0,0.04511470080724959
1106.0,0.04653845427841181
1105.0,0.04817604656090597
1104.0,0.04998377404859676
1103.0,0.05186513357943505
1102.0,0.053749726393609816
1101.0,0.055628634234310255
1100.0,0.057465650784322565
1099.0,0.05916368458809912
1098.0,0.06067076387251344
1097.0,0.06201773802765772
1096.0,0.06319994392968199
1095.0,0.06413673431296082
1094.0,0.06479898478736208
1093.0,0.0652488397946274
1092.0,0.0655028438861241
1091.0,0.0654901863930776
1090.0,0.06519352869111697
1089.0,0.06469410648903352
1088.0,0.06403412941883961
1087.0,0.06317158307708425
1086.0,0.06210669714300502
1085.0,0.06091236782462053
1084.0,0.05960525406371862
1083.0,0.05812130930366448
1082.0,0.056445334386629874
1081.0,0.05463774187365589
1080.0,0.05271880965703565
1079.0,0.050654110630307475
1078.0,0.048467830377934486
1077.0,0.04625403791703036
1076.0,0.04406747868019107
1075.0,0.041905748622295416
1074.0,0.039798463774456866
1073.0,0.03781661338060799
1072.0,0.03599081018014326
1071.0,0.034301207920424535
1070.0,0.03274702315313107
1069.0,0.031354796280434256
1068.0,0.03012026817344638
1067.0,0.02900706577974638
1066.0,0.028003973157987493
1065.0,0.027128980651201087
1064.0,0.02637842159930277
1063.0,0.025724467198972645
1062.0,0.025164967358778857
1061.0,0.024728707104051905
1060.0,0.024427440246263296
1059.0,0.024245916232538085
1058.0,0.024182907963366352
1057.0,0.024258716244947083
1056.0,0.024474320678932317
1055.0,0.02480245569423981
1054.0,0.02522913463241696
1053.0,0.025766207010642046
1052.0,0.026407597035449683
1051.0,0.0271114818557846
1050.0,0.027844871604882256
1049.0,0.028599708198138934
1048.0,0.02934581466831351
1047.0,0.030025006430834757
1046.0,0.030609247384088833
1045.0,0.03110861399655108
1044.0,0.03151338079528143
1043.0,0.03178501620393024
1042.0,0.03191316329077762
1041.0,0.03192718099484287
1040.0,0.031842401657032754
1039.0,0.03165014647760216
1038.0,0.031369196422452054
1037.0,0.03105070917594082
1036.0,0.030721525367655045
1035.0,0.030372089406864002
1034.0,0.03000562715290258
1033.0,0.02964814437300512
1032.0,0.029303179350720188
1031.0,0.02894746731716547
1030.0,0.028580737360249013
1029.0,0.028235937028113448
1028.0,0.02794010598548853
1027.0,0.027719220750161613
1026.0,0.027655333588233393
1025.0,0.02789962588299991
1024.0,0.02861907964764157
1023.0,0.029953260929996672
1022.0,0.032000102951539953
1021.0,0.03476740735035222
1020.0,0.03807777995488099
1019.0,0.04151902657343012
1018.0,0.044513507724818296
1017.0,0.0464456891133537
1016.0,0.04679943874168258
1015.0,0.04537883720178735
1014.0,0.04250808593012275
1013.0,0.038903363947229035
1012.0,0.035274106365311426
1011.0,0.0320506194773629
1010.0,0.029375982218555575
1009.0,0.027212029055355417
1008.0,0.02544311139215114
1007.0,0.023962147815099123
1006.0,0.022718906771148767
1005.0,0.02169799559114688
1004.0,0.02086435330595766
1003.0,0.020155184452160513
1002.0,0.019520351490297353
1001.0,0.018941955904024213
1000.0,0.018412682390484283
999.0,0.017922055631349427
998.0,0.01746868265958334
997.0,0.017061226949199607
996.0,0.01669930147845281
995.0,0.0163703451266532
994.0,0.01606815058921715
993.0,0.01579694060868858
992.0,0.015555453424683077
991.0,0.015335345216549981
990.0,0.015136905946911977
989.0,0.01496752786851824
988.0,0.014822843444917442
987.0,0.014687893860983882
986.0,0.014558664722381005
985.0,0.014443804844036814
984.0,0.014342899190588874
983.0,0.01424183365855655
982.0,0.014132920963363308
981.0,0.014021868488680688
980.0,0.01391172472381494
979.0,0.01379789254237576
978.0,0.013682260272772652
977.0,0.013573935881614579
976.0,0.013471716174170614
975.0,0.013362063097912465
974.0,0.013237247725327137
973.0,0.013099400525978092
972.0,0.012944705568783249
971.0,0.012760918811233412
970.0,0.01254384825340767
969.0,0.012300867419779742
968.0,0.01203641677553543
967.0,0.011749858359189019
966.0,0.011448966072212411
965.0,0.011149408367846812
964.0,0.010858821684405039
963.0,0.010575171128007231
962.0,0.010300511958140201
961.0,0.010042036421457833
960.0,0.00980020371424021
959.0,0.009570311896183471
958.0,0.00935542709185546
957.0,0.00916355556913755
956.0,0.008992154605702934
955.0,0.008829504640198969
954.0,0.008672086782897707
953.0,0.008527101493185257
952.0,0.008396865829032063
951.0,0.008274393870118212
950.0,0.008156095183627183
949.0,0.00804567765152682
948.0,0.007943427185197947
947.0,0.0078440927421038
946.0,0.00774750781806049
945.0,0.00765953234267608
944.0,0.007580465801745467
943.0,0.0075037328288570584
942.0,0.007427841796173508
941.0,0.007358541975800668
940.0,0.007297039890966464
939.0,0.007236743993261352
938.0,0.007173896071273989
937.0,0.007111155416773138
936.0,0.007048709943400781
935.0,0.006982284935068508
934.0,0.006912101897929425
933.0,0.006843674694308806
932.0,0.006777384974794579
931.0,0.006706566377768764
930.0,0.006627722645827145
929.0,0.006543683718664904
928.0,0.006455635204388277
927.0,0.006361712728735881
926.0,0.006264961211310386
925.0,0.006173146895107155
924.0,0.006088872531608437
923.0,0.00600857762475955
922.0,0.00593254134026049
921.0,0.005867382916855001
920.0,0.00581785011560928
919.0,0.0057848086480490135
918.0,0.005772349489612684
917.0,0.005788240744832905
916.0,0.005835754661321257
915.0,0.0059129433717635075
914.0,0.006021758970597262
913.0,0.006170595528565529
912.0,0.006366428718405867
911.0,0.006612062575830718
910.0,0.006912095890147806
909.0,0.007271807873149141
908.0,0.00768614077600797
907.0,0.008137830165102807
906.0,0.008610193787361956
905.0,0.009093381142204782
904.0,0.00957472104518423
903.0,0.010034031843178077
902.0,0.010454109729091873
901.0,0.010825344684012498
900.0,0.01113612498090319
899.0,0.011372845150574415
898.0,0.011535312256365327
897.0,0.011638302241813636
896.0,0.011693588845341713
895.0,0.011705474962063875
894.0,0.011686522066181466
893.0,0.011660013915796776
892.0,0.011642703845285218
891.0,0.011640829034084874
890.0,0.01166513198859919
889.0,0.01173237156873744
888.0,0.0118483537276068
887.0,0.012006545310691407
886.0,0.012208690486756185
885.0,0.012471174493767586
884.0,0.012806970800457633
883.0,0.013219259139257438
882.0,0.013718753374968112
881.0,0.014326906464425979
880.0,0.01504996066831197
879.0,0.01586526295462969
878.0,0.016741340878536605
877.0,0.017648503748641412
876.0,0.01853320258273715
875.0,0.019304192500206107
874.0,0.0198634313074862
873.0,0.020132248139592426
872.0,0.02004505698778173
871.0,0.01956531468152092
870.0,0.018732187084110313
869.0,0.017657912066736628
868.0,0.01646577849921049
867.0,0.015253650452959604
866.0,0.014102963069922113
865.0,0.013077371592683155
864.0,0.01220386919598528
863.0,0.011477997337179616
862.0,0.010891454757111604
861.0,0.010440658558942922
860.0,0.010112278230692722
859.0,0.009880637676111376
858.0,0.009723265389368962
857.0,0.009625402288567656
856.0,0.009568662206740585
855.0,0.009531638710555604
854.0,0.009505457323353481
853.0,0.009493394127967222
852.0,0.009491592073482337
851.0,0.009486240341503532
850.0,0.009473902532532164
849.0,0.009467544450748912
848.0,0.009475906455070394
847.0,0.009491868621586512
846.0,0.009506880255744284
845.0,0.009521925041332813
844.0,0.009538037012561123
843.0,0.009550003804783389
842.0,0.009555143596474438
841.0,0.00955447373554563
840.0,0.009539604160841868
839.0,0.009492130836109907
838.0,0.009402191003081171
837.0,0.009276338521066189
836.0,0.00912433436503895
835.0,0.008951392576727125
834.0,0.008765585066764866
833.0,0.008578385918423546
832.0,0.008394420838461416
831.0,0.008212826871765111
830.0,0.008039847046809847
829.0,0.007886406090993161
828.0,0.007751940852667415
827.0,0.0076260200662375
826.0,0.007507885616999496
825.0,0.007407018555471271
824.0,0.007322856607115305
823.0,0.007244775158865499
822.0,0.007173562466884526
821.0,0.00712099323882805
820.0,0.007088329162412744
819.0,0.0070653188100301585
818.0,0.0070488424116912415
817.0,0.00704507781174839
816.0,0.007054015002467719
815.0,0.007067322605496973
814.0,0.007081678580063312
813.0,0.007099175819848554
812.0,0.007113992256212381
811.0,0.00711446820343428
810.0,0.007100168764900934
809.0,0.007081497868012598
808.0,0.007060590960085595
807.0,0.007028094127994428
806.0,0.0069807914970459045
805.0,0.0069261324788659
804.0,0.006866029660311032
803.0,0.006791973086823077
802.0,0.006703366127612948
801.0,0.006624654231627404
800.0,0.006607689303383735
799.0,0.006725372236897009
798.0,0.0070463245629081555
797.0,0.007582306147294301
796.0,0.008246783521576973
795.0,0.008876871062295882
794.0,0.00931248245475498
793.0,0.009462804081734716
792.0,0.009314638933329632
791.0,0.00891430098407286
790.0,0.008350815447441356
789.0,0.007722289435137939
788.0,0.007095423018191755
787.0,0.006500500837378297
786.0,0.005956195212189422
785.0,0.005478158913999866
784.0,0.005066323999923647
783.0,0.004705957308750326
782.0,0.004386624550492693
781.0,0.004107798776821316
780.0,0.003865955647875075
779.0,0.003650399606232907
778.0,0.0034531915450233585
777.0,0.0032710731976679933
776.0,0.0030977016865004203
775.0,0.002926420178282864
774.0,0.002760361866737509
773.0,0.0026071288196647014
772.0,0.0024638592840120414
771.0,0.002319918475026801
770.0,0.0021731957850841576
769.0,0.0020304437724662544
768.0,0.0018925391754437476
767.0,0.0017541098041570185
766.0,0.0016179126651850314
765.0,0.0014945173572316818
764.0,0.0013858337692899609
763.0,0.001282072500748053
762.0,0.0011766255023131712
761.0,0.0010719353033367355
760.0,0.0009699521685787861
759.0,0.0008696285692246646
758.0,0.0007747993309369512
757.0,0.00069146208656335
756.0,0.0006162466082795598
755.0,0.0005409169162243555
754.0,0.0004697188682404245
753.0,0.00041874925500779645
752.0,0.00039675739733047947
751.0,0.0004010170570528977
750.0,0.00043451032709228635
749.0,0.0005132721782426813
748.0,0.000654622624038414
747.0,0.0008735609752992849
746.0,0.0011962578573756317
745.0,0.001664392490931354
744.0,0.002321705299383926
743.0,0.003209262037329434
742.0,0.0043763183926430705
741.0,0.005873641155229333
740.0,0.007717866597477533
739.0,0.009870051444349411
738.0,0.012257954459116541
737.0,0.014804535886238101
736.0,0.01742787935356608
735.0,0.02004965464311359
734.0,0.022638934501750734
733.0,0.025228304495714816
732.0,0.027864654735025987
731.0,0.030574183070263664
730.0,0.03339273779544007
729.0,0.03637608137152584
728.0,0.039529969722582006
727.0,0.0427491794281407
726.0,0.04582935224903938
725.0,0.04847022490538066
724.0,0.05024988102536545
723.0,0.050712833816300575
722.0,0.049598016955356095
721.0,0.047001516367762675
720.0,0.04334510834191555
719.0,0.039212327146198295
718.0,0.03514118213253904
717.0,0.03147917592026438
716.0,0.02837755953881732
715.0,0.025868209884015426
714.0,0.02392132980108503
713.0,0.02245657773846736
712.0,0.021347366054714878
711.0,0.020455153338810782
710.0,0.01967811783998304
709.0,0.018966490774059604
708.0,0.018296456199345494
707.0,0.017648898283731146
706.0,0.017016191283271895
705.0,0.016404226102740407
704.0,0.015810722957910528
703.0,0.015212247840182205
702.0,0.014581795876230406
701.0,0.013909790812329147
700.0,0.013205245746847331
699.0,0.012492109736108148
698.0,0.01180973644276435
697.0,0.01120010332393443
696.0,0.010682965268944546
695.0,0.010248808001536153
694.0,0.009877716636968088
693.0,0.009555640531973273
692.0,0.009271464912290313
691.0,0.009013487791770322
690.0,0.008777948670825276
689.0,0.008572640760282904
688.0,0.008405729157839083
687.0,0.008278926507323854
686.0,0.00819432710076571
685.0,0.008153637507504008
684.0,0.008146420754071137
683.0,0.008153099336830043
682.0,0.00816045806237489
681.0,0.00815892414314021
680.0,0.008125018409672516
679.0,0.008026682384098939
678.0,0.00785350678404885
677.0,0.007628505260615481
676.0,0.007385449701202046
675.0,0.007145604012259873
674.0,0.00691992027080903
673.0,0.0067172697154223
672.0,0.00653940376716948
671.0,0.006374661563896193
670.0,0.006207318678289717
669.0,0.006033209297480851
668.0,0.005872512619999942
667.0,0.005751555002522547
666.0,0.005662014745206838
665.0,0.005578805617596199
664.0,0.005486051797315675
663.0,0.005376672399942792
662.0,0.005261110920704505
661.0,0.00516104250931472
660.0,0.005082976450874165
659.0,0.005015178817936163
658.0,0.004950533177063588
657.0,0.0048928479362343544
656.0,0.004836152933195234
655.0,0.004761124962600936
654.0,0.004662136347372082
653.0,0.004557006221606839
652.0,0.004459935874923089
651.0,0.004365722112800363
650.0,0.004268940996633846
649.0,0.004177704652535213
648.0,0.004098244049390794
647.0,0.004024641000607764
646.0,0.003952784474832264
645.0,0.003887289085111583
644.0,0.003826896665347008
643.0,0.0037600265168034387
642.0,0.00368364258156355
641.0,0.0036098706775891864
640.0,0.0035464271348336317
639.0,0.0034899241576133518
638.0,0.003449820081425137
637.0,0.003463892690223101
636.0,0.0035778561612308337
635.0,0.0038085395942344066
634.0,0.004115257100911094
633.0,0.0043976182224968975
632.0,0.004524418860448164
631.0,0.0044064433644583935
630.0,0.0040887697717345755
629.0,0.003726832137731627
628.0,0.0034422531099329327
627.0,0.003245410643799205
626.0,0.0030861359974599625
625.0,0.0029291614908651424
624.0,0.002765789916455651
623.0,0.0025949509126857897
622.0,0.0024305486741673364
621.0,0.0023005870523169912
620.0,0.0022141708890093797
619.0,0.002147917377588597
618.0,0.0020792324800182524
617.0,0.0020141984229180335
616.0,0.0019684603766378303
615.0,0.0019457700827452617
614.0,0.0019455303199946235
613.0,0.0019653693513328402
612.0,0.0019907709080461914
611.0,0.002005038414191042
610.0,0.0020156609965276987
609.0,0.0020438909813064853
608.0,0.002083642887322333
607.0,0.0021042795701935076
606.0,0.0020986936902720435
605.0,0.0020888387044139933
604.0,0.0020806032092229813
603.0,0.0020626243931865544
602.0,0.0020485899924233084
601.0,0.0020667463907227115
600.0,0.002102351065154566
599.0,0.0021011066889251974
598.0,0.002043723384148545
597.0,0.0019656863126232783
596.0,0.001890672275337046
595.0,0.0018038463733648375
594.0,0.001703579196914727
593.0,0.0016214319255274212
592.0,0.001565035412584122
591.0,0.0014937945279662138
590.0,0.001388530342494557
589.0,0.0012901446552520922
588.0,0.0012363079313170127
587.0,0.0012131943286789839
586.0,0.0011899204732040538
585.0,0.00116163028543957
584.0,0.0011306100208673569
583.0,0.0010822194690496385
582.0,0.0010142123724147893
581.0,0.0009501876173553544
580.0,0.0008941878650530034
579.0,0.0008174541936441902
578.0,0.0007185477755013196
577.0,0.0006429988410656697
576.0,0.000611723939671296
575.0,0.0005825775178672455
574.0,0.0005202074554372576
573.0,0.0004536639054141227
572.0,0.0004259455639838637
571.0,0.0004389784630430193
570.0,0.00046899918904454526
569.0,0.0004989465480877099
568.0,0.0005083774809531374
567.0,0.00047213716550454916
566.0,0.00041056831789750643
565.0,0.00038199253758955485
564.0,0.0003991330476135889
563.0,0.00040860717896920877
562.0,0.0003712342259834882
561.0,0.0003213942675438589
560.0,0.0003156476482052894
559.0,0.0003644368278954627
558.0,0.0004366143455400728
557.0,0.0004989944648746556
556.0,0.000524569842550326
555.0,0.0004981974260117985
554.0,0.0004487223485535478
553.0,0.0004255531166257035
552.0,0.00043010839227784655
551.0,0.00042340475264772084
550.0,0.0004055226298040452
