cm-1,A
4000.0,0.0014462939819350484
3999.0,0.0014407289474710704
3998.0,0.0014369842066538669
3997.0,0.0014363144560846854
3996.0,0.001438156122208014
3995.0,0.0014404718350643614
3994.0,0.0014417831206204827
3993.0,0.001442455706608036
3992.0,0.0014438644257842447
3991.0,0.0014462313711187768
3990.0,0.0014482426436555852
3989.0,0.0014486482515692176
3988.0,0.0014473203433032094
3987.0,0.001444860112482026
3986.0,0.0014419233010384475
3985.0,0.0014393944108656567
3984.0,0.001438218955679152
3983.0,0.0014383019285139627
3982.0,0.0014378751321600818
3981.0,0.0014349727479253463
3980.0,0.001430081536002199
3979.0,0.0014263367045345898
3978.0,0.0014269568831665768
3977.0,0.0014324055269710444
3976.0,0.0014402935041053925
3975.0,0.0014478114804136397
3974.0,0.0014531022623056975
3973.0,0.0014550445030703345
3972.0,0.0014527573925361605
3971.0,0.0014464090031187024
3970.0,0.001438317449212313
3969.0,0.0014320942070662245
3968.0,0.001430218755858912
3967.0,0.0014326176560832795
3966.0,0.0014375323216562303
3965.0,0.00144284632106545
3964.0,0.001446895797315927
3963.0,0.0014489635919441822
3962.0,0.0014496533175892968
3961.0,0.0014503474219518982
3960.0,0.001451404533104147
3959.0,0.0014513151000847798
3958.0,0.0014484358620004923
3957.0,0.0014438486503307356
3956.0,0.0014416712632649839
3955.0,0.0014452571054471498
3954.0,0.0014536546287757229
3953.0,0.0014617674901660402
3952.0,0.0014643900203024263
3951.0,0.0014600512139275666
3950.0,0.0014510574540496646
3949.0,0.0014412594556241069
3948.0,0.0014339145336779847
3947.0,0.001431159699224019
3946.0,0.0014333339607155537
3945.0,0.0014382462626914257
3944.0,0.0014418937547333666
3943.0,0.0014411907098331872
3942.0,0.001437230247207556
3941.0,0.0014341459978621926
3940.0,0.0014346534953334168
3939.0,0.0014384985870553799
3938.0,0.0014447324350152025
3937.0,0.0014528156381868815
3936.0,0.0014615686017281837
3935.0,0.0014688440674964112
3934.0,0.0014722762710847473
3933.0,0.001470230885684889
3932.0,0.0014622506153438145
3931.0,0.00145072602501602
3930.0,0.0014412728169469263
3929.0,0.0014393606566220924
3928.0,0.001446698593971564
3927.0,0.001459865138026741
3926.0,0.0014726128426944462
3925.0,0.0014796346069795132
3924.0,0.001480308602187412
3923.0,0.0014780801697584713
3922.0,0.0014751260015915015
3921.0,0.001470845747690732
3920.0,0.0014646578198552074
3919.0,0.0014578537408456906
3918.0,0.001451953818322652
3917.0,0.0014463243787838408
3916.0,0.0014398340769292322
3915.0,0.0014335720205985903
3914.0,0.0014303529487954113
3913.0,0.0014321969771602838
3912.0,0.0014385838677272995
3911.0,0.001447173853027214
3910.0,0.0014563448279704076
3909.0,0.001466103002521682
3908.0,0.00147709113582052
3907.0,0.0014885226559452954
3906.0,0.0014974678032836854
3905.0,0.0014995916002394976
3904.0,0.001492766004187103
3903.0,0.0014810191700311182
3902.0,0.0014710857259592537
3901.0,0.0014651482545232093
3900.0,0.0014607711315391793
3899.0,0.0014574986435017651
3898.0,0.0014590272777149247
3897.0,0.0014678699354190644
3896.0,0.0014817277701321303
3895.0,0.0014957689559088293
3894.0,0.0015054612654234727
3893.0,0.0015068835050752595
3892.0,0.001498991087344333
3891.0,0.001488652986356451
3890.0,0.001487042548687088
3889.0,0.0014956807143617092
3888.0,0.0015055824275796242
3887.0,0.0015096964827544961
3886.0,0.0015092692847851587
3885.0,0.001509985582390841
3884.0,0.0015141354903397044
3883.0,0.0015164654752916175
3882.0,0.0015114657874277693
3881.0,0.0015024544704142582
3880.0,0.0014982257949326381
3879.0,0.0015031887809708604
3878.0,0.0015123692947598176
3877.0,0.0015155579749230067
3876.0,0.0015081991660105608
3875.0,0.00149604305560707
3874.0,0.0014894065640577783
3873.0,0.0014945477570068454
3872.0,0.0015083996386541527
3871.0,0.0015211382181268564
3870.0,0.0015261415174841462
3869.0,0.0015283531255011374
3868.0,0.0015361536376225899
3867.0,0.0015468756628596674
3866.0,0.0015530728440735489
3865.0,0.00155372525584867
3864.0,0.0015525534006275827
3863.0,0.0015528926959376436
3862.0,0.0015564069199032271
3861.0,0.0015623281396641765
3860.0,0.0015680531806369748
3859.0,0.0015703030601979702
3858.0,0.0015676643965285147
3857.0,0.0015627067588159203
3856.0,0.0015614975119776255
3855.0,0.0015680223498690036
3854.0,0.0015744579019939327
3853.0,0.0015674822372828546
3852.0,0.0015587145833879878
3851.0,0.0015611155385210065
3850.0,0.0015648952620193612
3849.0,0.0015641511292428722
3848.0,0.0015624388796042273
3847.0,0.0015627235680339096
3846.0,0.001564185944997846
3845.0,0.0015650249139426363
3844.0,0.0015654795812030838
3843.0,0.0015674192097571687
3842.0,0.0015725578399649102
3841.0,0.0015799348570041797
3840.0,0.001585242075385851
3839.0,0.0015846643543519583
3838.0,0.0015808287414745344
3837.0,0.001580475631630193
3836.0,0.001585245158503698
3835.0,0.0015893382937460041
3834.0,0.0015872869075887908
3833.0,0.0015797854690911633
3832.0,0.001573029558574086
3831.0,0.0015745907340134861
3830.0,0.0015877516586466451
3829.0,0.001607627421935807
3828.0,0.0016230956455763564
3827.0,0.0016253258571845746
3826.0,0.0016162828726682794
3825.0,0.0016069100027749374
3824.0,0.0016048920496625325
3823.0,0.0016094732945788385
3822.0,0.001614497034820282
3821.0,0.0016133011399370838
3820.0,0.0016103296945083776
3819.0,0.0016130486015094544
3818.0,0.0016143978329115106
3817.0,0.0016056012932210025
3816.0,0.0015898820041946055
3815.0,0.0015785475591720759
3814.0,0.0015774886497309025
3813.0,0.0015805208664383267
3812.0,0.0015807079599701951
3811.0,0.0015794219091015472
3810.0,0.001581382791418084
3809.0,0.0015872286763064557
3808.0,0.0015923631020598288
3807.0,0.0015937070291369756
3806.0,0.0015971843108221816
3805.0,0.0016099239419494443
3804.0,0.0016277814799955169
3803.0,0.0016395814941031622
3802.0,0.0016371559296258094
3801.0,0.0016252481678669492
3800.0,0.0016209288044793657
3799.0,0.0016284830405575222
3798.0,0.0016347920195185135
3797.0,0.0016311303640663046
3796.0,0.0016204446177655834
3795.0,0.0016111133340506855
3794.0,0.0016078669922678186
3793.0,0.0016085591700510026
3792.0,0.0016091375933896018
3791.0,0.0016080685357864194
3790.0,0.0016066354375433075
3789.0,0.0016077492591120984
3788.0,0.0016135370383379534
3787.0,0.0016232903727745837
3786.0,0.0016337581367738881
3785.0,0.0016413843142263763
3784.0,0.0016450335228190647
3783.0,0.0016458959651606641
3782.0,0.0016452279412885727
3781.0,0.001644241352628284
3780.0,0.0016448230531449439
3779.0,0.001648646681522506
3778.0,0.0016563569487869148
3777.0,0.0016660383950253743
3776.0,0.0016736217673573688
3775.0,0.0016773713800691732
3774.0,0.0016802328123519338
3773.0,0.0016851606121598022
3772.0,0.0016909378825448588
3771.0,0.0016935717337747953
3770.0,0.0016924466446704201
3769.0,0.0016925543468082334
3768.0,0.001697467195108098
3767.0,0.0017033881749430337
3766.0,0.0017048219927010945
3765.0,0.00170208703114597
3764.0,0.0017005529183196488
3763.0,0.0017047104474874563
3762.0,0.0017157739359997615
3761.0,0.0017325825124099282
3760.0,0.0017496030480214585
3759.0,0.0017583134287028168
3758.0,0.0017574983373946991
3757.0,0.0017547252364989887
3756.0,0.0017554030800921135
3755.0,0.0017596967744328454
3754.0,0.0017686062039265543
3753.0,0.0017879053325606268
3752.0,0.0018201863686760208
3751.0,0.0018516057318192633
3750.0,0.0018653445572000271
3749.0,0.001865046148987326
3748.0,0.001860273171623681
3747.0,0.0018528562805530157
3746.0,0.0018457660907706193
3745.0,0.0018449895424767198
3744.0,0.001851786893633879
3743.0,0.001865396949903366
3742.0,0.0018798877213877354
3741.0,0.001884602316257383
3740.0,0.0018803063590581881
3739.0,0.0018763420763351275
3738.0,0.0018786492487275126
3737.0,0.0018838906832238421
3736.0,0.0018808907123511439
3735.0,0.0018637112679646107
3734.0,0.0018434075119143634
3733.0,0.0018338729280721723
3732.0,0.0018352852804452194
3731.0,0.0018412749851363752
3730.0,0.0018467014755623734
3729.0,0.0018478598026048375
3728.0,0.0018425665447958255
3727.0,0.001832386083393592
3726.0,0.0018235046863334646
3725.0,0.0018210212646948983
3724.0,0.001821343898819211
3723.0,0.001816397452058503
3722.0,0.0018047502307636139
3721.0,0.001792599823603292
3720.0,0.001784801713960409
3719.0,0.0017819669975208435
3718.0,0.0017857968761465885
3717.0,0.0017992643067500018
3716.0,0.0018206832516353458
3715.0,0.0018432942472256346
3714.0,0.0018635048005755488
3713.0,0.0018858752531262747
3712.0,0.0019123471632944014
3711.0,0.0019316161814628757
3710.0,0.0019346301146193857
3709.0,0.0019269256120047575
3708.0,0.001916538284520377
3707.0,0.0019066859377133193
3706.0,0.0018981123133211004
3705.0,0.0018906044736766636
3704.0,0.001882761536195621
3703.0,0.0018735400885754963
3702.0,0.0018664195463211344
3701.0,0.0018695989633968368
3700.0,0.0018877643412206933
3699.0,0.0019161588347140794
3698.0,0.00194603820340228
3697.0,0.0019727211400195955
3696.0,0.001997010164297192
3695.0,0.0020217808655292693
3694.0,0.0020489701086345642
3693.0,0.002078154419725855
3692.0,0.0021050725063837946
3691.0,0.002123015888040897
3690.0,0.0021311055040907235
3689.0,0.002141702803190619
3688.0,0.002168998080792621
3687.0,0.002210475351090355
3686.0,0.002251969114863116
3685.0,0.002285886543277732
3684.0,0.002317536094015908
3683.0,0.0023570789722552293
3682.0,0.002410130323089574
3681.0,0.002473847940867765
3680.0,0.002539927143432301
3679.0,0.002602870119395188
3678.0,0.002665505445293837
3677.0,0.0027339145465062695
3676.0,0.0027997264629620947
3675.0,0.002844896213590709
3674.0,0.002876745007039715
3673.0,0.0029116486642480144
3672.0,0.002950631454181526
3671.0,0.002993869920350691
3670.0,0.0030395537846714974
3669.0,0.0030800981853245646
3668.0,0.0031142812644214483
3667.0,0.003143453350009695
3666.0,0.0031682936797348057
3665.0,0.0031917696470178383
3664.0,0.003215210755130044
3663.0,0.003236760099693467
3662.0,0.003254408786837775
3661.0,0.0032671069875135515
3660.0,0.0032736973772644383
3659.0,0.0032740869083940456
3658.0,0.0032723129084469976
3657.0,0.003273940449292535
3656.0,0.003278836439379003
3655.0,0.003282782298015664
3654.0,0.0032829909121883582
3653.0,0.00327941714759759
3652.0,0.003276343900361154
3651.0,0.0032804527078315908
3650.0,0.0032884366789244727
3649.0,0.0032815608497445336
3648.0,0.003249040025639454
3647.0,0.00320269605586337
3646.0,0.003159735142947516
3645.0,0.003126627548103891
3644.0,0.0030994896713821664
3643.0,0.003071638929305581
3642.0,0.003040416964473781
3641.0,0.00300848571191515
3640.0,0.0029791812067454645
3639.0,0.0029532126338266728
3638.0,0.002930104380525129
3637.0,0.002909015085716845
3636.0,0.0028870772306564645
3635.0,0.002860924117789626
3634.0,0.0028319269491848082
3633.0,0.0028060689410672243
3632.0,0.002786762895766963
3631.0,0.002770942185137057
3630.0,0.0027513303967333716
3629.0,0.002720679648868714
3628.0,0.002684357925624684
3627.0,0.00265800475893026
3626.0,0.002641546736574138
3625.0,0.00262475527905863
3624.0,0.002603878231915326
3623.0,0.0025796216622792907
3622.0,0.0025533458876216652
3621.0,0.0025266721469478447
3620.0,0.002501280361550171
3619.0,0.002479289794557932
3618.0,0.002465244950024377
3617.0,0.002460880777784928
3616.0,0.0024599616089608137
3615.0,0.0024565385741841177
3614.0,0.0024539584463526857
3613.0,0.002460684390360144
3612.0,0.0024782152612719322
3611.0,0.0024987267302715287
3610.0,0.002512812777312804
3609.0,0.002513965522011807
3608.0,0.002498839812363851
3607.0,0.002472391158707308
3606.0,0.002448930805012889
3605.0,0.0024401631855352087
3604.0,0.0024473015172326073
3603.0,0.0024634121416674364
3602.0,0.0024800200150824053
3601.0,0.0024917957996257803
3600.0,0.0024978017879868477
3599.0,0.0025011481863442125
3598.0,0.0025077668014081432
3597.0,0.0025229781990263227
3596.0,0.0025463017972934218
3595.0,0.0025717603932390505
3594.0,0.0025943630391945106
3593.0,0.0026142967177084746
3592.0,0.0026321256987596846
3591.0,0.002646941721677706
3590.0,0.002660825290345502
3589.0,0.0026805358411278388
3588.0,0.0027085560565312263
3587.0,0.0027387200018850902
3586.0,0.002768536383900881
3585.0,0.0028011872272025538
3584.0,0.0028351142922976233
3583.0,0.002865020178538678
3582.0,0.0028895870046153054
3581.0,0.0029120942073066593
3580.0,0.0029351937733978215
3579.0,0.0029576317349313446
3578.0,0.002977111838538181
3577.0,0.002993173300484391
3576.0,0.0030055648315179904
3575.0,0.0030135368327281736
3574.0,0.0030184956831093438
3573.0,0.0030245819402858216
3572.0,0.003034857077554947
3571.0,0.0030499785070310084
3570.0,0.0030715908153927177
3569.0,0.003103146395323618
3568.0,0.003140739827583573
3567.0,0.0031670809798448277
3566.0,0.003170670790901161
3565.0,0.00316058822070623
3564.0,0.003149565419607778
3563.0,0.0031425567718447985
3562.0,0.0031410409506239575
3561.0,0.0031456831857071222
3560.0,0.0031541865888358852
3559.0,0.003162381760591586
3558.0,0.00316897106836504
3557.0,0.0031763234505910315
3556.0,0.003185922263426169
3555.0,0.003195467583585636
3554.0,0.003200907629476531
3553.0,0.0032007351185407984
3552.0,0.0031987400278195794
3551.0,0.003202764152879377
3550.0,0.0032190440661756274
3549.0,0.0032461926129171755
3548.0,0.003273703243577596
3547.0,0.0032886556206770763
3546.0,0.0032884047333420555
3545.0,0.0032845754695928946
3544.0,0.0032904768904072216
3543.0,0.0033091387766272917
3542.0,0.0033356664021902526
3541.0,0.0033641470610821433
3540.0,0.003390003051986221
3539.0,0.0034111761116180066
3538.0,0.0034303512403807976
3537.0,0.00345394880659991
3536.0,0.003486179495961108
3535.0,0.003525418877026493
3534.0,0.003567474954774907
3533.0,0.0036096154640802656
3532.0,0.0036505212255500243
3531.0,0.0036895348702397357
3530.0,0.0037271531115136867
3529.0,0.0037643750578252866
3528.0,0.0038002120914928618
3527.0,0.0038323876421650334
3526.0,0.0038616198879621137
3525.0,0.0038935529587451456
3524.0,0.003935394593104034
3523.0,0.00399067637140273
3522.0,0.004056470477734341
3521.0,0.004124390553480309
3520.0,0.004185275592352059
3519.0,0.004235659737558189
3518.0,0.004279647624584774
3517.0,0.004322259515221347
3516.0,0.004362465741947762
3515.0,0.004397211464912024
3514.0,0.004430748006800312
3513.0,0.004474731668460046
3512.0,0.004536976371435465
3511.0,0.004612361366837675
3510.0,0.004685277996182085
3509.0,0.0047399857420117545
3508.0,0.0047692019968967264
3507.0,0.004775627703216963
3506.0,0.004767165280146948
3505.0,0.004750754020760117
3504.0,0.00473004195831988
3503.0,0.004708489670605791
3502.0,0.004690892246043034
3501.0,0.004677596639592956
3500.0,0.004660933206001583
3499.0,0.0046335600894015
3498.0,0.004599016839732103
3497.0,0.004568265676031789
3496.0,0.004545921369668729
3495.0,0.0045261825954289805
3494.0,0.0045032232207444095
3493.0,0.004477980918236018
3492.0,0.004451866653975705
3491.0,0.004419903006959766
3490.0,0.004374813672055813
3489.0,0.0043159855319882595
3488.0,0.004252175172414772
3487.0,0.004196272318598264
3486.0,0.004156706993818455
3485.0,0.004130507546662845
3484.0,0.004102715549787051
3483.0,0.004056510894333208
3482.0,0.003988715075451816
3481.0,0.003914539920321804
3480.0,0.00385479535244915
3479.0,0.0038198138412627288
3478.0,0.0038049272808511015
3477.0,0.0037961702546931734
3476.0,0.0037787631688606825
3475.0,0.0037448153196304665
3474.0,0.0036962658032806935
3473.0,0.0036393272235459573
3472.0,0.0035778263325959275
3471.0,0.003514579293987242
3470.0,0.003455886401344357
3469.0,0.0034087027748219093
3468.0,0.00337387629580475
3467.0,0.0033472712449672103
3466.0,0.0033271959276931157
3465.0,0.0033146111889691375
3464.0,0.0033056893442209587
3463.0,0.003290956218693849
3462.0,0.0032650807370846625
3461.0,0.0032335683843162802
3460.0,0.003206719836141625
3459.0,0.0031900548832338865
3458.0,0.0031821921874914394
3457.0,0.0031780516801695807
3456.0,0.003171874161284966
3455.0,0.0031599521505445956
3454.0,0.0031429425084755483
3453.0,0.003124893312983425
3452.0,0.0031096349245803446
3451.0,0.0030992638354954746
3450.0,0.0030946110681180777
3449.0,0.003093984212863524
3448.0,0.003091966605860923
3447.0,0.0030838895710005526
3446.0,0.003071643116030272
3445.0,0.0030605728923994878
3444.0,0.003051854521215875
3443.0,0.003042734572817336
3442.0,0.0030322059462167764
3441.0,0.003021191876163726
3440.0,0.003008385761393997
3439.0,0.0029920080537920455
3438.0,0.002976032855146726
3437.0,0.0029687600848808627
3436.0,0.0029734112470309847
3435.0,0.0029843017450263834
3434.0,0.002993462278458302
3433.0,0.0029972387476156605
3432.0,0.0029960497199813052
3431.0,0.002992804081076137
3430.0,0.0029929001423579567
3429.0,0.003001013286852615
3428.0,0.003015676411544651
3427.0,0.003030244803431111
3426.0,0.00304011835293423
3425.0,0.0030454296528017715
3424.0,0.003046714709639539
3423.0,0.0030428571320979137
3422.0,0.003034903109189563
3421.0,0.003027635719615125
3420.0,0.0030246370676872483
3419.0,0.003024762843231629
3418.0,0.0030251171643699316
3417.0,0.0030243433316068675
3416.0,0.0030220238147053444
3415.0,0.0030181419775613776
3414.0,0.0030142252928740797
3413.0,0.00301226770698836
3412.0,0.0030120018723986085
3411.0,0.0030119169685217714
3410.0,0.0030127309237319684
3409.0,0.003016350608238777
3408.0,0.003021411272391525
3407.0,0.003023703964256534
3406.0,0.003021415924384689
3405.0,0.0030164897376474507
3404.0,0.0030111488846888985
3403.0,0.0030070946190173843
3402.0,0.0030076447301923817
3401.0,0.0030153001058983026
3400.0,0.0030261869334302586
3399.0,0.0030319806383255314
3398.0,0.0030292131640479152
3397.0,0.003023032767531059
3396.0,0.003020644390868906
3395.0,0.0030247573795209055
3394.0,0.003034258791321777
3393.0,0.003046619611581639
3392.0,0.0030576898007285544
3391.0,0.0030631226316523803
3390.0,0.0030623658289322467
3389.0,0.003059216853870883
3388.0,0.003057886957265105
3387.0,0.0030602596050278864
3386.0,0.003066037728211698
3385.0,0.0030725216769763334
3384.0,0.0030751392124308222
3383.0,0.0030722278602059528
3382.0,0.003068796673218282
3381.0,0.0030716272703174615
3380.0,0.0030809963729062084
3379.0,0.0030908748331407642
3378.0,0.00309670438471734
3377.0,0.0030986773394161933
3376.0,0.003098043438994943
3375.0,0.0030953928879426523
3374.0,0.00309265058724944
3373.0,0.0030917959668340413
3372.0,0.0030916108629114704
3371.0,0.0030903119266164234
3370.0,0.003090796183444016
3369.0,0.0030976886200295263
3368.0,0.0031091771523713892
3367.0,0.0031180474375294524
3366.0,0.0031216698054478556
3365.0,0.003124391752863047
3364.0,0.0031286890904474686
3363.0,0.003130770686320993
3362.0,0.003127541053222339
3361.0,0.0031224896879962502
3360.0,0.0031215415166693785
3359.0,0.003126725810500228
3358.0,0.00313594945993138
3357.0,0.0031453502838472737
3356.0,0.0031505276408079234
3355.0,0.003149787288558202
3354.0,0.0031477170631563417
3353.0,0.0031515575559122036
3352.0,0.0031626762598155394
3351.0,0.0031750066441627867
3350.0,0.0031827744543314078
3349.0,0.0031860122215006184
3348.0,0.0031878020922099463
3347.0,0.0031903834179353554
3346.0,0.0031953150530092487
3345.0,0.0032034673662716074
3344.0,0.003213332201077882
3343.0,0.0032222714451520546
3342.0,0.0032294448942902796
3341.0,0.003234382006154682
3340.0,0.0032340735691211795
3339.0,0.003226763227533171
3338.0,0.003218359259976076
3337.0,0.0032187815158467034
3336.0,0.003230242878411526
3335.0,0.00324432298737767
3334.0,0.0032522897495644828
3333.0,0.0032533892512186004
3332.0,0.003251957896929453
3331.0,0.003251790319921604
3330.0,0.003254860762165566
3329.0,0.0032609054976829883
3328.0,0.0032665499718719905
3327.0,0.0032683153450837592
3326.0,0.003267188435570666
3325.0,0.003266708191323126
3324.0,0.0032669487404217512
3323.0,0.0032652462925025346
3322.0,0.0032626361007075545
3321.0,0.003263892069152924
3320.0,0.0032704770223833286
3319.0,0.0032789339110956073
3318.0,0.0032872057872285363
3317.0,0.0032970640883291614
3316.0,0.003308874991296739
3315.0,0.0033190384081412654
3314.0,0.003324287208272372
3313.0,0.0033246204007144134
3312.0,0.0033213313933495884
3311.0,0.0033163340677069605
3310.0,0.0033138586834580604
3309.0,0.003317990336749609
3308.0,0.003327639611942509
3307.0,0.00333814237270618
3306.0,0.0033476501004181813
3305.0,0.0033571402829766523
3304.0,0.0033649967552198895
3303.0,0.003367783977741092
3302.0,0.0033665110395639
3301.0,0.0033658693894012574
3300.0,0.00336676094365036
3299.0,0.0033658717596689383
3298.0,0.003363242665679658
3297.0,0.003363580389669947
3296.0,0.0033686161079281816
3295.0,0.0033743253223570673
3294.0,0.0033772090044934394
3293.0,0.0033776726004938595
3292.0,0.0033762212431708485
3291.0,0.003372462915966549
3290.0,0.003369030025909588
3289.0,0.003369902976606296
3288.0,0.0033729817605551177
3287.0,0.0033706629377805086
3286.0,0.0033603190686433025
3285.0,0.0033487104558462535
3284.0,0.0033436376386139187
3283.0,0.003346258529353912
3282.0,0.0033534676577721047
3281.0,0.003362130005501354
3280.0,0.003368340802831696
3279.0,0.0033679340416920157
3278.0,0.003361095013751152
3277.0,0.003352710456788824
3276.0,0.003346308520342807
3275.0,0.0033416397017120526
3274.0,0.0033389411219385138
3273.0,0.0033400299323771672
3272.0,0.003343689544642225
3271.0,0.0033455388866865613
3270.0,0.0033441933787869173
3269.0,0.003342473900798698
3268.0,0.0033412132994078613
3267.0,0.0033372266562271694
3266.0,0.0033290163166078534
3265.0,0.003319282412417023
3264.0,0.003310182730838665
3263.0,0.003301348766962352
3262.0,0.0032940922916865336
3261.0,0.0032919010745699013
3260.0,0.003294629541443812
3259.0,0.0032972895648219975
3258.0,0.003296673927564644
3257.0,0.0032944623320021044
3256.0,0.003292271225500164
3255.0,0.0032887041528444644
3254.0,0.003283038909926656
3253.0,0.003276819242988189
3252.0,0.0032699959793303533
3251.0,0.003260314213343541
3250.0,0.0032480992673234177
3249.0,0.003237203751182061
3248.0,0.003230008415382457
3247.0,0.0032257080982159925
3246.0,0.00322395010623548
3245.0,0.0032250996133691727
3244.0,0.0032264294341719122
3243.0,0.0032238551054510987
3242.0,0.0032184558116608985
3241.0,0.0032158510805690953
3240.0,0.003218335220600492
3239.0,0.0032227744913915397
3238.0,0.003226472438168767
3237.0,0.003229029297190671
3236.0,0.003227940962786939
3235.0,0.0032194886586203513
3234.0,0.003206161773512961
3233.0,0.0031971185040813744
3232.0,0.003198658528592792
3231.0,0.0032085060787773014
3230.0,0.003220175765041881
3229.0,0.003227779655855241
3228.0,0.0032265138437743823
3227.0,0.0032153793364880223
3226.0,0.0032011350323172356
3225.0,0.0031935139827099267
3224.0,0.003194505553455766
3223.0,0.0031969692983915
3222.0,0.003194294344690988
3221.0,0.0031862798368205844
3220.0,0.0031757208086192965
3219.0,0.0031656551949539383
3218.0,0.00316039415271105
3217.0,0.0031624604803408137
3216.0,0.0031674143473341626
3215.0,0.003167799304144803
3214.0,0.0031630536554085034
3213.0,0.003159260242206228
3212.0,0.003158918005786224
3211.0,0.0031584844392366597
3210.0,0.0031564190699177918
3209.0,0.0031552593161989
3208.0,0.0031542623819480267
3207.0,0.0031485811039021847
3206.0,0.00313857625920502
3205.0,0.0031319931471599964
3204.0,0.003133123972954747
3203.0,0.00313646201164887
3202.0,0.0031346664310820515
3201.0,0.0031266851265844484
3200.0,0.0031149108778604773
3199.0,0.003100440301536606
3198.0,0.0030844972750027552
3197.0,0.003069266813639485
3196.0,0.0030545643474610053
3195.0,0.0030384906513378964
3194.0,0.0030228194834952147
3193.0,0.0030122422451164883
3192.0,0.003007203549253626
3191.0,0.0030034059897468476
3190.0,0.0029996340708105997
3189.0,0.002999491400562259
3188.0,0.003003341499035556
3187.0,0.0030053404798654187
3186.0,0.0030013593061684308
3185.0,0.002993772635945513
3184.0,0.0029857875579686584
3183.0,0.002977176098510804
3182.0,0.002968334343628572
3181.0,0.002962339680334577
3180.0,0.0029599529427745473
3179.0,0.002957816293705613
3178.0,0.0029538670884414297
3177.0,0.0029494801166151286
3176.0,0.002944726463182411
3175.0,0.002937290469122662
3174.0,0.0029279844392260663
3173.0,0.0029213682794190458
3172.0,0.0029184971887784646
3171.0,0.0029146777029860765
3170.0,0.0029068402985042525
3169.0,0.002897765326684945
3168.0,0.002890856587261505
3167.0,0.002886262563377762
3166.0,0.0028838921997423757
3165.0,0.0028843088972832546
3164.0,0.0028846617936084834
3163.0,0.002879346999247107
3162.0,0.0028673610442034843
3161.0,0.0028546278853014634
3160.0,0.0028470916407951842
3159.0,0.0028455797763336415
3158.0,0.002848083950748925
3157.0,0.002851769985031533
3156.0,0.002852288557913066
3155.0,0.002847145254307181
3154.0,0.0028404037557528622
3153.0,0.0028382997591996774
3152.0,0.0028399869516202423
3151.0,0.002838439038404914
3150.0,0.002830686150045408
3149.0,0.002820567336975292
3148.0,0.0028110205388701265
3147.0,0.002801579893369649
3146.0,0.00279439114722937
3145.0,0.0027940488674964205
3144.0,0.002799374576829348
3143.0,0.002803153975975441
3142.0,0.0028022755117842776
3141.0,0.002800908718692207
3140.0,0.0028012845784165376
3139.0,0.002798839858554488
3138.0,0.0027903994491204477
3137.0,0.002780122278678584
3136.0,0.0027732436441844062
3135.0,0.002770160556063848
3134.0,0.0027697174601441403
3133.0,0.0027724501118773313
3132.0,0.002777141404341141
3131.0,0.002779122892597951
3130.0,0.002775504974173367
3129.0,0.002768105629780463
3128.0,0.0027595118249855726
3127.0,0.0027510859639147374
3126.0,0.002745541097335428
3125.0,0.0027457569632462833
3124.0,0.0027498056616373752
3123.0,0.002752376935716455
3122.0,0.00275245683209961
3121.0,0.0027536307729639567
3120.0,0.0027558055751654366
3119.0,0.0027539919016790347
3118.0,0.002746932758177086
3117.0,0.0027402270634374975
3116.0,0.0027386778569186755
3115.0,0.002741086824637092
3114.0,0.0027446522748800204
3113.0,0.002748574645225858
3112.0,0.002751612630957072
3111.0,0.002752453563959269
3110.0,0.0027534948459389842
3109.0,0.002758391517931232
3108.0,0.0027649883994546828
3107.0,0.00276714375511403
3106.0,0.002764631941734171
3105.0,0.00276360271722784
3104.0,0.002766210155590574
3103.0,0.0027677729387676968
3102.0,0.0027659043990346066
3101.0,0.0027650143643726498
3100.0,0.0027685384037792913
3099.0,0.0027739801063481314
3098.0,0.0027794192987454095
3097.0,0.0027874976571397054
3096.0,0.0027996772282745243
3095.0,0.002812156940024231
3094.0,0.0028208843662113985
3093.0,0.0028259654403052464
3092.0,0.00282879788510495
3091.0,0.0028304625329199796
3090.0,0.0028339047707036783
3089.0,0.0028418357214469803
3088.0,0.002851222031904846
3087.0,0.002855861164791513
3086.0,0.002856056763360953
3085.0,0.0028586061188637098
3084.0,0.0028663244361232998
3083.0,0.0028745509770250256
3082.0,0.002879440532462657
3081.0,0.002882776114626707
3080.0,0.0028860680328207365
3079.0,0.0028879464343879403
3078.0,0.002889843389079078
3077.0,0.002896622334161848
3076.0,0.0029083220075688423
3075.0,0.002917767572591333
3074.0,0.0029203138366265427
3073.0,0.0029197938522916014
3072.0,0.002922199269706721
3071.0,0.0029288840108579912
3070.0,0.002938241631361436
3069.0,0.0029487919085050187
3068.0,0.002958160480792685
3067.0,0.002964576107271988
3066.0,0.002970781711789
3065.0,0.00298097245830025
3064.0,0.002992724232411933
3063.0,0.0029990594163003584
3062.0,0.002999249679559605
3061.0,0.002999974473804567
3060.0,0.0030049503496158768
3059.0,0.003010780202561344
3058.0,0.003015455533610541
3057.0,0.0030224309300344613
3056.0,0.0030333855647957206
3055.0,0.003044309894253852
3054.0,0.0030524985725534654
3053.0,0.003060897551794844
3052.0,0.0030720790263904577
3051.0,0.003084294821122069
3050.0,0.003095857466495866
3049.0,0.0031078008444416767
3048.0,0.0031197073978563453
3047.0,0.00312930200603037
3046.0,0.0031382403929162916
3045.0,0.0031522061121008853
3044.0,0.0031730528862986902
3043.0,0.0031969445404607093
3042.0,0.0032218430927811537
3041.0,0.003250130762540223
3040.0,0.0032826542390752755
3039.0,0.00331715756449718
3038.0,0.0033548000185498854
3037.0,0.0034007580596687207
3036.0,0.0034565797787016296
3035.0,0.003518869657867984
3034.0,0.003587524913653709
3033.0,0.003667205665440992
3032.0,0.0037586057966575645
3031.0,0.003856585988563365
3030.0,0.003960288847316056
3029.0,0.0040766606846438375
3028.0,0.00421054543170884
3027.0,0.004359211350142292
3026.0,0.004519887198873318
3025.0,0.004695715102361449
3024.0,0.00489049900769746
3023.0,0.005104823792528923
3022.0,0.005340753486060857
3021.0,0.0056035844375979735
3020.0,0.005895481709243778
3019.0,0.006214257291802361
3018.0,0.006561129833733283
3017.0,0.006942313202685519
3016.0,0.007359466503300036
3015.0,0.007807173644854304
3014.0,0.008283695908145693
3013.0,0.008796549092611083
3012.0,0.009351762094348789
3011.0,0.009944695259930593
3010.0,0.0105661066951082
3009.0,0.011211235751314923
3008.0,0.01187840176055183
3007.0,0.012564429786938556
3006.0,0.013265812603796914
3005.0,0.013979448804110206
3004.0,0.01469836277889781
3003.0,0.015410230345690099
3002.0,0.016101557397322594
3001.0,0.016758108180468554
3000.0,0.017359430905067474
2999.0,0.017879022014184273
2998.0,0.01829253381364264
2997.0,0.018580562845084168
2996.0,0.018721510371860733
2995.0,0.01869043887577441
2994.0,0.018469613512700836
2993.0,0.018057765790738374
2992.0,0.017468740877526815
2991.0,0.016727763977709698
2990.0,0.01587245269327208
2989.0,0.0149505823260614
2988.0,0.0140120412399751
2987.0,0.013104228586283174
2986.0,0.012270292051031048
2985.0,0.01154123102323637
2984.0,0.01092470723279871
2983.0,0.010407605963567025
2982.0,0.00997354289546975
2981.0,0.009613603279298359
2980.0,0.009320854505007161
2979.0,0.009084411011027136
2978.0,0.008894001940474953
2977.0,0.008744472878959261
2976.0,0.008631959939615654
2975.0,0.008551228203170303
2974.0,0.008500217609750038
2973.0,0.008480504634680804
2972.0,0.008489653660461562
2971.0,0.008518706141410202
2970.0,0.008560605575089404
2969.0,0.008615190058289523
2968.0,0.008684037064936763
2967.0,0.008766835584862989
2966.0,0.008865272542342612
2965.0,0.0089834222479825
2964.0,0.009121226327562664
2963.0,0.009274619318999167
2962.0,0.009444758101150037
2961.0,0.009640656992056403
2960.0,0.009869346159881531
2959.0,0.010131156730016116
2958.0,0.010427408957222953
2957.0,0.010765075902084724
2956.0,0.011149958700887764
2955.0,0.01158215299837607
2954.0,0.012061205210143382
2953.0,0.012586995965634527
2952.0,0.013150397887739173
2951.0,0.013728273664674225
2950.0,0.014291173065184843
2949.0,0.014808672565835077
2948.0,0.015244933251121147
2947.0,0.015557191430797594
2946.0,0.015705660627173917
2945.0,0.015664376222909615
2944.0,0.015422103428396894
2943.0,0.014983255144508576
2942.0,0.014373659072166478
2941.0,0.013639504677935526
2940.0,0.012835511891968807
2939.0,0.012015080725300265
2938.0,0.011227734012310978
2937.0,0.01051299102471126
2936.0,0.009888608871292292
2935.0,0.009350174686058676
2934.0,0.00888644116726407
2933.0,0.008490307005975951
2932.0,0.008153600132747936
2931.0,0.007863646066045853
2930.0,0.007611435730675867
2929.0,0.007394443666988984
2928.0,0.007207319340930187
2927.0,0.007038364485544074
2926.0,0.006880633629758851
2925.0,0.006737028147241029
2924.0,0.006609029655640289
2923.0,0.006489227969349181
2922.0,0.006370431809655338
2921.0,0.006253578437311537
2920.0,0.006140858960057767
2919.0,0.006030332796297647
2918.0,0.005921549933599792
2917.0,0.0058176918163716325
2916.0,0.005718093929622947
2915.0,0.0056172245206817855
2914.0,0.005516032279051445
2913.0,0.005425763290993043
2912.0,0.0053559828479210715
2911.0,0.005305666300416341
2910.0,0.005268396830968583
2909.0,0.00523911097495391
2908.0,0.005212383555135101
2907.0,0.005182281493195956
2906.0,0.005149001549901086
2905.0,0.005119533114871666
2904.0,0.005097946046110806
2903.0,0.005080432234073002
2902.0,0.005062184242511335
2901.0,0.005042880586677673
2900.0,0.005022208335820394
2899.0,0.004996807826174295
2898.0,0.004965956311907111
2897.0,0.0049352772948626465
2896.0,0.0049115090034357375
2895.0,0.00489779972735009
2894.0,0.004895752237913907
2893.0,0.004907097761567807
2892.0,0.004932063474531533
2891.0,0.00497123575102436
2890.0,0.005029502032054109
2889.0,0.005111697227468387
2888.0,0.005213683971592964
2887.0,0.005324679068263188
2886.0,0.0054378221207093775
2885.0,0.005551077266196401
2884.0,0.005657093043294058
2883.0,0.00574089454273106
2882.0,0.005790191420932043
2881.0,0.0057997415568250815
2880.0,0.005764391119477155
2879.0,0.005677507777129631
2878.0,0.005540191069620291
2877.0,0.005364541097096137
2876.0,0.005164791230549242
2875.0,0.004950905232592451
2874.0,0.0047329972994977106
2873.0,0.00452331926132401
2872.0,0.004329652638140054
2871.0,0.0041534867909192655
2870.0,0.003997048493722502
2869.0,0.0038643328214667113
2868.0,0.003753139076641444
2867.0,0.003655729988247006
2866.0,0.0035707846616239384
2865.0,0.0035065450294580625
2864.0,0.0034679755699998094
2863.0,0.003448735375421428
2862.0,0.003440502431215426
2861.0,0.003441202621073106
2860.0,0.003449383403307138
2859.0,0.0034595307488413706
2858.0,0.003468565822953438
2857.0,0.0034796017129752176
2856.0,0.003494589180953224
2855.0,0.003509860004768519
2854.0,0.0035219059636434564
2853.0,0.0035298456608950984
2852.0,0.0035289035213458718
2851.0,0.003509913434779884
2850.0,0.0034693526427841542
2849.0,0.0034129179488070153
2848.0,0.0033462942521651703
2847.0,0.0032712325878927755
2846.0,0.00319325757569458
2845.0,0.003123481919038494
2844.0,0.0030680941253276037
2843.0,0.0030234535643704655
2842.0,0.002984990604113946
2841.0,0.002953970175649948
2840.0,0.002932527186269853
2839.0,0.002918751261903363
2838.0,0.002910190935472995
2837.0,0.002906187880059085
2836.0,0.0029039188841890697
2835.0,0.002898549728214765
2834.0,0.002889994211326709
2833.0,0.002883534722880185
2832.0,0.00288141591675652
2831.0,0.002879886502870368
2830.0,0.002876148325652129
2829.0,0.0028711280068741277
2828.0,0.0028639062762363062
2827.0,0.0028510654852680994
2826.0,0.00283370083082803
2825.0,0.0028174589808964757
2824.0,0.0028031364453299707
2823.0,0.0027849908214972307
2822.0,0.0027606977508132066
2821.0,0.0027351641844232015
2820.0,0.0027120630598567253
2819.0,0.0026893916412227756
2818.0,0.0026660451856062883
2817.0,0.002644657160578096
2816.0,0.002624813191875691
2815.0,0.002601649226388368
2814.0,0.0025746852894547173
2813.0,0.002550280057947415
2812.0,0.002531849411879774
2811.0,0.0025151578694485887
2810.0,0.002496724893569237
2809.0,0.0024792311992616694
2808.0,0.0024648849221055257
2807.0,0.002451187312390355
2806.0,0.002437309150906766
2805.0,0.002427014567291392
2804.0,0.0024208570552241267
2803.0,0.002412496222762579
2802.0,0.0023971085258627893
2801.0,0.0023774748523712843
2800.0,0.0023581249077194054
2799.0,0.002339950856705698
2798.0,0.0023241472949265007
2797.0,0.002313995789280846
2796.0,0.002308533499730049
2795.0,0.002300890481106885
2794.0,0.0022869258262619694
2793.0,0.002270074362256782
2792.0,0.002254717059389698
2791.0,0.0022409014541643953
2790.0,0.0022285093825113195
2789.0,0.002219750269544961
2788.0,0.0022141113816767826
2787.0,0.002207294341228913
2786.0,0.002198150243135252
2785.0,0.0021905328389828856
2784.0,0.0021857719325847564
2783.0,0.002180053515080623
2782.0,0.002171958749213987
2781.0,0.0021655475275527826
2780.0,0.0021630942151815522
2779.0,0.002161568427897068
2778.0,0.0021590002995178965
2777.0,0.002157364664598088
2776.0,0.0021565186041835765
2775.0,0.0021527742180846117
2774.0,0.0021465671164205054
2773.0,0.002144050115443623
2772.0,0.00214755424789454
2771.0,0.002151655806719678
2770.0,0.0021519023095522417
2769.0,0.002150286278668928
2768.0,0.0021492303936346516
2767.0,0.002147532908679331
2766.0,0.002145453599480748
2765.0,0.0021463931198570426
2764.0,0.0021501209227146423
2763.0,0.002151752233535913
2762.0,0.002150698825417144
2761.0,0.0021526692462245497
2760.0,0.002159444894245813
2759.0,0.0021648722457727194
2758.0,0.002164954296886591
2757.0,0.002164025769437691
2756.0,0.0021662521617754147
2755.0,0.002168678125133705
2754.0,0.00216785400216488
2753.0,0.0021663419126621126
2752.0,0.0021673701560508724
2751.0,0.002169138827133673
2750.0,0.002169426716310374
2749.0,0.002170150186492305
2748.0,0.002172821702040693
2747.0,0.0021750743051232283
2746.0,0.002175694475183288
2745.0,0.0021775864158734273
2744.0,0.002182277687492439
2743.0,0.0021869575025555616
2742.0,0.002189909732833031
2741.0,0.0021929977631171484
2740.0,0.0021960288635283587
2739.0,0.0021953663205399347
2738.0,0.002191240268377444
2737.0,0.0021896250867404032
2736.0,0.002193166075732689
2735.0,0.002196642176765426
2734.0,0.0021954021012009274
2733.0,0.0021918532335420643
2732.0,0.0021898122209812907
2731.0,0.0021886108211054234
2730.0,0.0021864220077750817
2729.0,0.0021837433992872982
2728.0,0.002180090255035644
2727.0,0.0021729271201130903
2726.0,0.002163082415086422
2725.0,0.002155599198258236
2724.0,0.0021523326065386603
2723.0,0.002149306009235938
2722.0,0.002144063672664547
2721.0,0.0021394509913088325
2720.0,0.002137605760011497
2719.0,0.0021366593928875805
2718.0,0.0021358174290517845
2717.0,0.002137251390751006
2716.0,0.0021403158260214308
2715.0,0.0021405087998813328
2714.0,0.00213700964747306
2713.0,0.0021347605827753604
2712.0,0.0021364009721035627
2711.0,0.0021388011899387267
2710.0,0.002140189940677652
2709.0,0.002143588175024669
2708.0,0.002150317956834556
2707.0,0.002156822252186415
2706.0,0.0021609296445873746
2705.0,0.0021647806561340267
2704.0,0.002168820370912855
2703.0,0.0021698556229523165
2702.0,0.0021678436363684137
2701.0,0.0021676437034138622
2700.0,0.0021711807568210394
2699.0,0.002174599601079123
2698.0,0.002175891535029452
2697.0,0.002178452245539374
2696.0,0.0021840991488021205
2695.0,0.002189686357384338
2694.0,0.002193634454471508
2693.0,0.0021987756696959905
2692.0,0.0022059036408871267
2691.0,0.0022113545211919308
2690.0,0.0022140240493700625
2689.0,0.0022179724964147564
2688.0,0.0022251530540455195
2687.0,0.0022322793363602172
2686.0,0.002237348307713852
2685.0,0.0022423071375381885
2684.0,0.0022469477812186297
2683.0,0.002247502416748884
2682.0,0.002244142338083632
2681.0,0.0022425784881322597
2680.0,0.0022455564831163634
2679.0,0.0022501150650862207
2678.0,0.002255313227402804
2677.0,0.002264482264521153
2676.0,0.0022769459006759204
2675.0,0.002286010138800268
2674.0,0.002288847869073155
2673.0,0.0022905628286786633
2672.0,0.002294956204540021
2671.0,0.0022990687546356188
2670.0,0.002300791583194553
2669.0,0.0023041995266661866
2668.0,0.0023130670929452576
2667.0,0.002326185274934206
2666.0,0.002342750894678041
2665.0,0.0023654370579634003
2664.0,0.0023944963630219565
2663.0,0.002425760539263187
2662.0,0.002457602891388996
2661.0,0.0024926565590599977
2660.0,0.0025296254016156493
2659.0,0.0025611133907800353
2658.0,0.0025834383337673275
2657.0,0.002600966293770192
2656.0,0.002617238729416265
2655.0,0.002629977701124955
2654.0,0.002638816314010586
2653.0,0.002649524131369652
2652.0,0.0026651692058506813
2651.0,0.002680924145754321
2650.0,0.0026926580363454107
2649.0,0.002703204634358187
2648.0,0.0027151024460782144
2647.0,0.0027247111311542193
2646.0,0.0027290394761949714
2645.0,0.0027315652277350947
2644.0,0.0027361516846641895
2643.0,0.0027416946518052177
2642.0,0.0027470928618313004
2641.0,0.0027541472548812643
2640.0,0.00276135485777772
2639.0,0.0027626498653019987
2638.0,0.002757106496099176
2637.0,0.002752104719606659
2636.0,0.002752382854577447
2635.0,0.002753775233107682
2634.0,0.002752224198526436
2633.0,0.0027502892338651767
2632.0,0.002749690983555048
2631.0,0.00274615949072716
2630.0,0.0027374609167972685
2629.0,0.002728748789547892
2628.0,0.00272432207509605
2627.0,0.0027216108645944296
2626.0,0.002717865355084371
2625.0,0.0027148501646459544
2624.0,0.00271249320771734
2623.0,0.0027064048247210787
2622.0,0.002696208924025287
2621.0,0.002687898640073492
2620.0,0.0026838273054540485
2619.0,0.002679278484144934
2618.0,0.0026726583116969574
2617.0,0.0026690811105425025
2616.0,0.0026698341395473783
2615.0,0.0026687810449780693
2614.0,0.0026637400292266185
2613.0,0.002660727303692498
2612.0,0.0026622389440877437
2611.0,0.0026624297950374153
2610.0,0.002658737980407519
2609.0,0.002656703192439202
2608.0,0.002657910574678664
2607.0,0.002655042631223768
2606.0,0.002644868498615905
2605.0,0.0026344924983347515
2604.0,0.002628785295935213
2603.0,0.002623444267940224
2602.0,0.0026166377872468135
2601.0,0.0026151739218707084
2600.0,0.002622027690794859
2599.0,0.0026299246454071913
2598.0,0.0026341985428278126
2597.0,0.0026400917302228603
2596.0,0.0026502004933272377
2595.0,0.002656787476222841
2594.0,0.0026544174319344006
2593.0,0.002648471971065602
2592.0,0.0026439559088218337
2591.0,0.002637714846249978
2590.0,0.0026291484986383745
2589.0,0.0026262896867240825
2588.0,0.002632491604103416
2587.0,0.002638384271189623
2586.0,0.0026354188940854247
2585.0,0.0026269060600246064
2584.0,0.0026185320907790256
2583.0,0.0026091464604975426
2582.0,0.0025981748428553727
2581.0,0.0025907590807046784
2580.0,0.002587949623749406
2579.0,0.0025825984091915172
2578.0,0.002571708913834342
2577.0,0.0025619751998654282
2576.0,0.0025570699214053365
2575.0,0.002551122025729721
2574.0,0.0025407208289783437
2573.0,0.002530902058281108
2572.0,0.0025230576214143137
2571.0,0.00251032027908019
2570.0,0.0024918235705064873
2569.0,0.002477933184462293
2568.0,0.00247369611463861
2567.0,0.0024700542904581837
2566.0,0.002459383993108986
2565.0,0.0024470821336929167
2564.0,0.002439660382941736
2563.0,0.0024341803211780358
2562.0,0.0024278404839278914
2561.0,0.0024254339858671265
2560.0,0.002428647037911297
2559.0,0.0024294775471453457
2558.0,0.0024226528779256696
2557.0,0.00241413727782715
2556.0,0.002410426321569622
2555.0,0.002410008308334649
2554.0,0.0024111938285317795
2553.0,0.00241656941141334
2552.0,0.0024237651292051037
2551.0,0.00242426515459691
2550.0,0.0024174554492865457
2549.0,0.0024137211123826706
2548.0,0.002417958717081461
2547.0,0.0024223921995905197
2546.0,0.0024209419686849944
2545.0,0.0024174206927897457
2544.0,0.0024143809544946264
2543.0,0.0024078369522406128
2542.0,0.002398630673341465
2541.0,0.002394899608656011
2540.0,0.002397055280937693
2539.0,0.0023945353997236424
2538.0,0.0023835059261911483
2537.0,0.002373508762690153
2536.0,0.00237096079936339
2535.0,0.0023704655528853716
2534.0,0.002368055852559677
2533.0,0.002367799928997076
2532.0,0.002368899625412676
2531.0,0.002361945046336262
2530.0,0.002345467147139199
2529.0,0.0023316598913085706
2528.0,0.002328549685510124
2527.0,0.002330250464483986
2526.0,0.0023310422606989192
2525.0,0.0023343187539243623
2524.0,0.002341041671241033
2523.0,0.002344491092936677
2522.0,0.0023432728133791357
2521.0,0.0023448854275828507
2520.0,0.0023504034721183774
2519.0,0.0023507979319072705
2518.0,0.002344424164383655
2517.0,0.002342303717733744
2516.0,0.0023493916678961435
2515.0,0.0023568188412278475
2514.0,0.002359665517902663
2513.0,0.0023654846661766986
2512.0,0.00237728749687049
2511.0,0.0023846260551689314
2510.0,0.002380553800052785
2509.0,0.002372745038794677
2508.0,0.002369472815399061
2507.0,0.0023686461553351283
2506.0,0.0023681511746578197
2505.0,0.002372220398972844
2504.0,0.0023795801974317837
2503.0,0.0023797978286301184
2502.0,0.0023693544071417805
2501.0,0.0023577523317111974
2500.0,0.002351190890983873
2499.0,0.00234435997322643
2498.0,0.0023343615024429957
2497.0,0.0023274062337142565
2496.0,0.0023250073918639593
2495.0,0.0023187573992077084
2494.0,0.0023057831878490116
2493.0,0.0022947546508137718
2492.0,0.002290094889843566
2491.0,0.002285305828325771
2490.0,0.0022780454460816536
2489.0,0.0022759096440177038
2488.0,0.002280644893465522
2487.0,0.002282420552098428
2486.0,0.0022763749245957045
2485.0,0.002269313972882152
2484.0,0.0022641825271114088
2483.0,0.0022543102443637144
2482.0,0.00223920778877694
2481.0,0.0022292345655508966
2480.0,0.002227618243381876
2479.0,0.002224188131309216
2478.0,0.002213857959617276
2477.0,0.002205025103269903
2476.0,0.002202822113191158
2475.0,0.002200654561815564
2474.0,0.002195292144423506
2473.0,0.0021934234017166334
2472.0,0.0021961836387362006
2471.0,0.0021944146881433904
2470.0,0.0021866468951217384
2469.0,0.0021844873723170523
2468.0,0.0021923666474352437
2467.0,0.002199000522455708
2466.0,0.00219690263944437
2465.0,0.0021935783698892254
2464.0,0.002195521672064682
2463.0,0.0021980428614612425
2462.0,0.0021991900444987516
2461.0,0.002206964641507985
2460.0,0.002224049889941375
2459.0,0.002241333535730221
2458.0,0.0022544225966160134
2457.0,0.0022703324369906857
2456.0,0.0022902202009640596
2455.0,0.0023022961369969356
2454.0,0.0023003579657898602
2453.0,0.002293564383801
2452.0,0.0022900435216172098
2451.0,0.002286710543569531
2450.0,0.0022822690095332054
2449.0,0.002282963512297899
2448.0,0.002287748274764198
2447.0,0.00228548769258023
2446.0,0.0022750671776665494
2445.0,0.002270629405839336
2444.0,0.002278778255724431
2443.0,0.002288588194843118
2442.0,0.002292488810365103
2441.0,0.002298460140543808
2440.0,0.002312137282979745
2439.0,0.002325101437271631
2438.0,0.002331285614940368
2437.0,0.0023379815631272994
2436.0,0.0023504456953625753
2435.0,0.0023617624800943665
2434.0,0.002367391617381383
2433.0,0.002373877846142971
2432.0,0.0023843682925838595
2431.0,0.002391503823504613
2430.0,0.002392869298110342
2429.0,0.0023969570911300253
2428.0,0.0024060302986933122
2427.0,0.002410431506809141
2426.0,0.0024077542464977664
2425.0,0.002409590249026422
2424.0,0.0024207237838390298
2423.0,0.002430125223246409
2422.0,0.0024319165454392585
2421.0,0.0024362169022670507
2420.0,0.002448561173502777
2419.0,0.0024574601429740543
2418.0,0.0024545235845681345
2417.0,0.002450000441297679
2416.0,0.0024562284547498367
2415.0,0.0024704447335356845
2414.0,0.002484923680529798
2413.0,0.0024998109422851218
2412.0,0.0025151682190002493
2411.0,0.0025236742305366567
2410.0,0.002521444897659747
2409.0,0.002514277026106691
2408.0,0.0025053286014853292
2407.0,0.002489958376490882
2406.0,0.002470259431323612
2405.0,0.002459901029975909
2404.0,0.0024661175355126315
2403.0,0.00247999530664723
2402.0,0.0024907578879410884
2401.0,0.0024963826225438764
2400.0,0.002495562588233108
2399.0,0.0024845027536323965
2398.0,0.002467579754504124
2397.0,0.0024561085951075147
2396.0,0.002450529336354446
2395.0,0.002438906057435376
2394.0,0.0024180971377515304
2393.0,0.002399548547581871
2392.0,0.0023889223663053198
2391.0,0.002377682118912393
2390.0,0.0023613453521820387
2389.0,0.0023490874211255256
2388.0,0.0023473860980841475
2387.0,0.0023499881839500313
2386.0,0.0023517008328495805
2385.0,0.0023559390965701772
2384.0,0.002360176556295713
2383.0,0.002349735999301724
2382.0,0.0023161967320365893
2381.0,0.0022687009503274077
2380.0,0.002217055091287212
2379.0,0.002158492708345211
2378.0,0.002095038417874259
2377.0,0.002046432598369911
2376.0,0.0020266004307944317
2375.0,0.0020240738788769794
2374.0,0.0020256903201099677
2373.0,0.0020392116122494404
2372.0,0.0020672597179052215
2371.0,0.0020833789680648287
2370.0,0.0020681888244116747
2369.0,0.00204211647425869
2368.0,0.00202626306363311
2367.0,0.002007668022277344
2366.0,0.001982909803533326
2365.0,0.001987125979695701
2364.0,0.0020282945992137055
2363.0,0.0020525005494309687
2362.0,0.0020295147842208845
2361.0,0.002004319887762547
2360.0,0.002013625695568413
2359.0,0.002026534414175406
2358.0,0.0020102649853801164
2357.0,0.0019782762047571567
2356.0,0.0019413527894444047
2355.0,0.0018842627886654765
2354.0,0.001807726050791247
2353.0,0.0017408778354577668
2352.0,0.0017119642354102424
2351.0,0.001732938886053388
2350.0,0.001801731888693178
2349.0,0.0019023190798174885
2348.0,0.0020047195251958545
2347.0,0.0020713659838972115
2346.0,0.0020852832911837337
2345.0,0.0020791869356241496
2344.0,0.0021000583475505917
2343.0,0.00214074972264959
2342.0,0.002162078326074931
2341.0,0.0021621412099170822
2340.0,0.0021616156701896837
2339.0,0.0021584505110771863
2338.0,0.0021440863658038624
2337.0,0.0021303460768235696
2336.0,0.0021277903178646804
2335.0,0.002126264190308967
2334.0,0.0021202214279100588
2333.0,0.002122825336727463
2332.0,0.0021379670063062907
2331.0,0.0021485547417469087
2330.0,0.0021569964120629614
2329.0,0.0022048259561305602
2328.0,0.002327555660717669
2327.0,0.002516734553545066
2326.0,0.002732450937250207
2325.0,0.0029210751234101497
2324.0,0.0030208397117211555
2323.0,0.002995741946628622
2322.0,0.002884261761574284
2321.0,0.002773141001850175
2320.0,0.002708287457082854
2319.0,0.0026713924057469012
2318.0,0.0026414313131204194
2317.0,0.0026251593190965536
2316.0,0.0026208750957520924
2315.0,0.0026053253670017085
2314.0,0.002570783713468518
2313.0,0.002540322817878051
2312.0,0.0025279904632608896
2311.0,0.0025178705046039747
2310.0,0.002498241258860806
2309.0,0.0024829429838708656
2308.0,0.0024810502257348395
2307.0,0.002478791006977048
2306.0,0.002467926314393671
2305.0,0.0024627191760681617
2304.0,0.0024734077063396543
2303.0,0.002489026976027768
2302.0,0.002500887635524034
2301.0,0.002517794992227189
2300.0,0.002544179718809969
2299.0,0.002567368298858614
2298.0,0.0025814823595941144
2297.0,0.0025989593536945525
2296.0,0.0026248186450553443
2295.0,0.0026447827064384533
2294.0,0.0026533015603176133
2293.0,0.002668070936846199
2292.0,0.0027009190603447075
2291.0,0.0027388881055501325
2290.0,0.002769312851982281
2289.0,0.0027998152841686615
2288.0,0.002836128231357582
2287.0,0.002863786473418486
2286.0,0.0028696130371562625
2285.0,0.0028599772023297494
2284.0,0.002842004969978667
2283.0,0.0028094248493555486
2282.0,0.0027630444817127427
2281.0,0.0027210512284778967
2280.0,0.0026921027085394966
2279.0,0.002663313546538943
2278.0,0.0026306630084155518
2277.0,0.0026129230122981456
2276.0,0.0026173713794473137
2275.0,0.0026221664792491425
2274.0,0.0026123878288195628
2273.0,0.002602679079645551
2272.0,0.0026042205632735983
2271.0,0.002600861965469625
2270.0,0.0025797511521933724
2269.0,0.002553251215614312
2268.0,0.0025302211817283113
2267.0,0.002499151783226879
2266.0,0.002460376036172541
2265.0,0.002439670258895666
2264.0,0.0024467252260133186
2263.0,0.002456255791682348
2262.0,0.002452395905107231
2261.0,0.00245515876136406
2260.0,0.002479365004079426
2259.0,0.002503705995032379
2258.0,0.002505681380900922
2257.0,0.0024918420603229526
2256.0,0.0024709853776650552
2255.0,0.0024343284331105244
2254.0,0.0023859102955963722
2253.0,0.002354961738055363
2252.0,0.0023537514384141464
2251.0,0.0023600956117857193
2250.0,0.002361879819246765
2249.0,0.002377086811708624
2248.0,0.002408963626674543
2247.0,0.0024260025118862443
2246.0,0.002411873239849684
2245.0,0.002394153169946016
2244.0,0.002397154140020176
2243.0,0.0024083267372934617
2242.0,0.0024151507897358566
2241.0,0.002429448651411165
2240.0,0.0024506094027299118
2239.0,0.0024515109513360872
2238.0,0.002428172971828597
2237.0,0.0024168170975883115
2236.0,0.0024340562964022157
2235.0,0.002448045922486127
2234.0,0.002436871549585726
2233.0,0.002424407772309071
2232.0,0.0024272472675155336
2231.0,0.00241900271468923
2230.0,0.002382081085835217
2229.0,0.0023453361434507816
2228.0,0.0023349361527890446
2227.0,0.002335091197280771
2226.0,0.002330506124671104
2225.0,0.002336619490685822
2224.0,0.0023556409173701737
2223.0,0.002355212418462128
2222.0,0.0023249639681462314
2221.0,0.002303420271570465
2220.0,0.002314251178762221
2219.0,0.0023283611910873015
2218.0,0.0023215784299453015
2217.0,0.0023143144359534973
2216.0,0.002320600551298501
2215.0,0.00231538170980903
2214.0,0.0022886151213029546
2213.0,0.002273977848146282
2212.0,0.002287261187640665
2211.0,0.002294817464690045
2210.0,0.0022783684033149763
2209.0,0.0022702559198382213
2208.0,0.0022877758812483427
2207.0,0.002295211983857572
2206.0,0.0022714425440497005
2205.0,0.0022526231297116174
2204.0,0.002265997342411498
2203.0,0.002283815236520449
2202.0,0.0022832562422552653
2201.0,0.0022889322928775313
2200.0,0.0023156104922498867
2199.0,0.0023322859712761918
2198.0,0.002324689419493795
2197.0,0.0023292767598842223
2196.0,0.0023633728941655665
2195.0,0.0023875897220977864
2194.0,0.002379501024308455
2193.0,0.0023772260548538446
2192.0,0.002407112401887803
2191.0,0.0024371775370560533
2190.0,0.0024463553445779173
2189.0,0.002468345820887589
2188.0,0.0025199653599885814
2187.0,0.002557946973713683
2186.0,0.0025541101537117587
2185.0,0.0025392332091977153
2184.0,0.0025249226462154147
2183.0,0.002464703460582689
2182.0,0.002350487578264452
2181.0,0.002264900859391877
2180.0,0.002270966947273019
2179.0,0.0023242580830283876
2178.0,0.002351467927762407
2177.0,0.002340913987945188
2176.0,0.00230849302036877
2175.0,0.0022548924796616035
2174.0,0.0022095750805799495
2173.0,0.0022387098999136503
2172.0,0.0023550661619797866
2171.0,0.0024932426459514778
2170.0,0.0026119419320660506
2169.0,0.0027393957801145367
2168.0,0.002880517633893485
2167.0,0.00297064623350578
2166.0,0.00298227203306513
2165.0,0.0029944787025321952
2164.0,0.003081496929483582
2163.0,0.003197092413288061
2162.0,0.003220606978489717
2161.0,0.0030486828338244752
2160.0,0.0026235348597671484
2159.0,0.0019952635929432285
2158.0,0.0013964368042833257
2157.0,0.0010906938032160607
2156.0,0.0010995218225381715
2155.0,0.0012256202719563441
2154.0,0.001329022157758009
2153.0,0.001428669273057134
2152.0,0.0015538104356120316
2151.0,0.0016530189108342997
2150.0,0.001690146715924204
2149.0,0.001706068464508774
2148.0,0.0017294894214458772
2147.0,0.0017283435019375193
2146.0,0.001696298070441282
2145.0,0.0016892384478161804
2144.0,0.0017285563025618924
2143.0,0.0017616140795325321
2142.0,0.0017597192473776172
2141.0,0.0017650177946316313
2140.0,0.0018020997521309135
2139.0,0.0018292942235876252
2138.0,0.001814269182602649
2137.0,0.0017769879827183805
2136.0,0.001726866936999063
2135.0,0.0016431001228723043
2134.0,0.0015493883735528795
2133.0,0.0015199563673508457
2132.0,0.001575973167572459
2131.0,0.0016565420274539547
2130.0,0.0017185890855676983
2129.0,0.0017856706654870327
2128.0,0.0018753256287060045
2127.0,0.0019562097134519347
2126.0,0.002009630901612539
2125.0,0.0020642792029635162
2124.0,0.002134744908338991
2123.0,0.0021888006892810943
2122.0,0.0022093179319333254
2121.0,0.0022290253785891847
2120.0,0.0022709118208479127
2119.0,0.002312611286666359
2118.0,0.00234133042383727
2117.0,0.002384707508576401
2116.0,0.0024525427933121194
2115.0,0.002505878848085381
2114.0,0.0025200135514438287
2113.0,0.002523454293618848
2112.0,0.00253995011977476
2111.0,0.0025477058350133245
2110.0,0.002532355363218657
2109.0,0.0025231375022226337
2108.0,0.002537855220072129
2107.0,0.0025480906233534455
2106.0,0.0025367936634699
2105.0,0.002534031253112397
2104.0,0.0025576923158641966
2103.0,0.0025768699794567183
2102.0,0.0025721371510278412
2101.0,0.0025729938737719875
2100.0,0.0025968328967766797
2099.0,0.0026082589201049727
2098.0,0.0025782794521494842
2097.0,0.002528411877221183
2096.0,0.002480997567655516
2095.0,0.0024267462696004917
2094.0,0.0023767372415193504
2093.0,0.002378519560125558
2092.0,0.0024416887972451055
2091.0,0.002511396960256811
2090.0,0.0025501754657632526
2089.0,0.002584027239379016
2088.0,0.0026334839865557167
2087.0,0.0026675309237300772
2086.0,0.002666400170782176
2085.0,0.002664716671167909
2084.0,0.0026890372872849866
2083.0,0.0027129894999818787
2082.0,0.002716485242014062
2081.0,0.0027266741924840505
2080.0,0.0027565738521188954
2079.0,0.0027679874646460738
2078.0,0.002741627041837121
2077.0,0.0027184265519271415
2076.0,0.002724149917641565
2075.0,0.002720856175666285
2074.0,0.0026826885521611422
2073.0,0.002649068785986435
2072.0,0.002650413094302073
2071.0,0.0026514352245974567
2070.0,0.0026215992493485206
2069.0,0.0025915879127815337
2068.0,0.002586219507953612
2067.0,0.002573402708645707
2066.0,0.002533578760241302
2065.0,0.002507328029439355
2064.0,0.002516700833090064
2063.0,0.0025161003421183097
2062.0,0.0024781164263586253
2061.0,0.0024467558035797684
2060.0,0.0024544242870033193
2059.0,0.0024656661874205756
2058.0,0.0024519587089356404
2057.0,0.002440307650106467
2056.0,0.0024418916285496137
2055.0,0.002426266167499369
2054.0,0.002417452144758887
2053.0,0.0025053391023455154
2052.0,0.002692025507446223
2051.0,0.0028317167801470353
2050.0,0.0028028178728046805
2049.0,0.0026611071028345154
2048.0,0.002536318037190844
2047.0,0.0024596802690015347
2046.0,0.0024018998827504533
2045.0,0.0023805117374196497
2044.0,0.002406667913142308
2043.0,0.0024203875900042767
2042.0,0.002386496117508326
2041.0,0.0023681603197118505
2040.0,0.00240935412418426
2039.0,0.0024445141821434276
2038.0,0.0024193576243123805
2037.0,0.0023852696237490357
2036.0,0.002383537938321402
2035.0,0.002355322047833398
2034.0,0.002266323833538728
2033.0,0.002198332879730095
2032.0,0.0022051112349662882
2031.0,0.0022110357563688544
2030.0,0.002158181430287799
2029.0,0.0021139507693475317
2028.0,0.0021322235600937226
2027.0,0.002148490291048209
2026.0,0.002116554664554851
2025.0,0.0021044229339491185
2024.0,0.002152630058867573
2023.0,0.0021849472239307724
2022.0,0.002157350585547851
2021.0,0.00214836369638585
2020.0,0.0022042895387351003
2019.0,0.002241380586970695
2018.0,0.0022034413547923595
2017.0,0.0021750287677246736
2016.0,0.00222398109899685
2015.0,0.002281501209607035
2014.0,0.0022898854829464656
2013.0,0.0023102338012654378
2012.0,0.0023856445457860953
2011.0,0.0024424002370717463
2010.0,0.002421004468930687
2009.0,0.0023713684858595045
2008.0,0.002328486035545963
2007.0,0.002239129326601781
2006.0,0.0021051635943290553
2005.0,0.0020420021057627165
2004.0,0.002099524084930198
2003.0,0.002181319277803218
2002.0,0.0022170915378307873
2001.0,0.0022623312999950113
2000.0,0.002354330295425533
1999.0,0.002419290575502766
1998.0,0.0024108720631536686
1997.0,0.002401233021472052
1996.0,0.0024443255594337222
1995.0,0.0024831783355634372
1994.0,0.00247538691647599
1993.0,0.002484854502384931
1992.0,0.002552468019249618
1991.0,0.0026006837598296344
1990.0,0.002580444263472315
1989.0,0.0025679662998306487
1988.0,0.0026176089570803993
1987.0,0.00266650916801052
1986.0,0.002671943009729452
1985.0,0.002706845478271258
1984.0,0.0028253608062984623
1983.0,0.002967010342001634
1982.0,0.003081194593223177
1981.0,0.003202075190446221
1980.0,0.0033049308101100374
1979.0,0.003245616598240825
1978.0,0.002978853231327652
1977.0,0.002688754824306684
1976.0,0.002541185055616426
1975.0,0.0024786413005621457
1974.0,0.002408849758123804
1973.0,0.002382162548475423
1972.0,0.002439559131354412
1971.0,0.0024861455532616352
1970.0,0.002450405390375775
1969.0,0.0024042742006783464
1968.0,0.002410057990816037
1967.0,0.0024030187676240137
1966.0,0.0023474603754334708
1965.0,0.0023326178578988942
1964.0,0.0023921919888346055
1963.0,0.0024146016551473003
1962.0,0.0023275313710151573
1961.0,0.0022141493455778392
1960.0,0.0021537902384084697
1959.0,0.002101768381922965
1958.0,0.00202840895720866
1957.0,0.002009158224834547
1956.0,0.0020768430378337046
1955.0,0.0021382833688199025
1954.0,0.0021292219724292133
1953.0,0.0021111252750443984
1952.0,0.002131437202264179
1951.0,0.002132212815882152
1950.0,0.0020793837098477042
1949.0,0.0020431581467018384
1948.0,0.0020643509874364884
1947.0,0.00207172771570643
1946.0,0.002017885980184599
1945.0,0.0019680712241726362
1944.0,0.0019704428340889114
1943.0,0.0019608510362769506
1942.0,0.0018974449599022552
1941.0,0.001854001989853095
1940.0,0.0018720916387141408
1939.0,0.00188362534370522
1938.0,0.0018487365673112242
1937.0,0.0018275138058951863
1936.0,0.0018573511655810898
1935.0,0.001875672257795339
1934.0,0.0018410801936795413
1933.0,0.0018132937115296188
1932.0,0.001834167350475778
1931.0,0.0018488509873749695
1930.0,0.0018204003686879636
1929.0,0.0018060627150770954
1928.0,0.0018432331512450444
1927.0,0.0018735958789360646
1926.0,0.001854055824258941
1925.0,0.0018360613907263458
1924.0,0.0018651516278290065
1923.0,0.0018955661443965715
1922.0,0.0018901493085331325
1921.0,0.0018982424807433883
1920.0,0.001949620223823786
1919.0,0.0019836187375602546
1918.0,0.0019583902749502535
1917.0,0.0019361068378571937
1916.0,0.0019624162371145704
1915.0,0.001984062719240629
1914.0,0.001965330934457308
1913.0,0.0019543848502960627
1912.0,0.001984233813184774
1911.0,0.0020037381102852624
1910.0,0.00197608939056106
1909.0,0.001957069638790882
1908.0,0.001988775077288559
1907.0,0.002019115583627279
1906.0,0.002006235330620525
1905.0,0.001994337137293721
1904.0,0.0020181126720056515
1903.0,0.0020329967802904295
1902.0,0.002006674479563664
1901.0,0.0019864197132537825
1900.0,0.002006375261010962
1899.0,0.0020225758592956394
1898.0,0.002005140941790316
1897.0,0.0020002625708408547
1896.0,0.0020371117585596906
1895.0,0.0020604195120030905
1894.0,0.002034790879180852
1893.0,0.0020146824086923194
1892.0,0.002037590773100364
1891.0,0.0020533644745795174
1890.0,0.002021576668651923
1889.0,0.001994332103581218
1888.0,0.002012966425629358
1887.0,0.00202877231697469
1886.0,0.002009646188084881
1885.0,0.0020028218924336497
1884.0,0.0020364565161419034
1883.0,0.0020590315465974576
1882.0,0.002037932496534753
1881.0,0.002024568386530941
1880.0,0.002053563235279302
1879.0,0.0020754026311115056
1878.0,0.002055003546431132
1877.0,0.0020401940026541147
1876.0,0.0020659760324464728
1875.0,0.002086932584950338
1874.0,0.00207248435157272
1873.0,0.0020701077678690646
1872.0,0.002111148805736137
1871.0,0.002145247521538877
1870.0,0.002129367234920662
1869.0,0.002117541180577005
1868.0,0.002154680885448521
1867.0,0.002179719989881365
1866.0,0.0021607816920423987
1865.0,0.002161298666317234
1864.0,0.0022120818929565553
1863.0,0.0022565247765836322
1862.0,0.0022563199158876306
1861.0,0.002259730834168902
1860.0,0.002301757247013568
1859.0,0.0023347064737616577
1858.0,0.0023288890431617704
1857.0,0.0023376609682625327
1856.0,0.002392958523912753
1855.0,0.0024400514649229516
1854.0,0.0024438459879835787
1853.0,0.0024561241902366486
1852.0,0.002511340006891021
1851.0,0.0025588886955306587
1850.0,0.0025668908361061614
1849.0,0.002590334575204941
1848.0,0.0026620308187500523
1847.0,0.002722426649694214
1846.0,0.0027302800814042313
1845.0,0.002756762755387885
1844.0,0.0028557688211514947
1843.0,0.0029468545344587533
1842.0,0.0029811076066804613
1841.0,0.0030277357183569335
1840.0,0.003124904495540991
1839.0,0.0032173063348067445
1838.0,0.003266953060162575
1837.0,0.003330132586756101
1836.0,0.0034458649071288016
1835.0,0.0035544482439933797
1834.0,0.0036164618860096034
1833.0,0.0036877698938173557
1832.0,0.003816130347307269
1831.0,0.0039534293707698155
1830.0,0.004049274758302591
1829.0,0.004153562588330806
1828.0,0.004295721661782734
1827.0,0.004409625386005606
1826.0,0.004471135550717492
1825.0,0.004557317746756329
1824.0,0.004700489141082561
1823.0,0.004818646783932347
1822.0,0.0048759332301855016
1821.0,0.004943456502710147
1820.0,0.005052818205922675
1819.0,0.005134898124439019
1818.0,0.005159303317575861
1817.0,0.005211584198742355
1816.0,0.005339917768825364
1815.0,0.0054705872690931955
1814.0,0.005556222845089466
1813.0,0.005661712699508347
1812.0,0.005831693346016998
1811.0,0.0059938172460444
1810.0,0.0061006923367644215
1809.0,0.0062287720338646425
1808.0,0.0064185578821321755
1807.0,0.0065931966867197895
1806.0,0.006715849831942042
1805.0,0.006864828542520023
1804.0,0.0070878540693307245
1803.0,0.007318204393774282
1802.0,0.007521837654481201
1801.0,0.0077934820176367
1800.0,0.008171392823445445
1799.0,0.008541322849270151
1798.0,0.008860801799716395
1797.0,0.009240725406373869
1796.0,0.009729254308824365
1795.0,0.010249414894500626
1794.0,0.01081682808768046
1793.0,0.011659243680642858
1792.0,0.012864222704783029
1791.0,0.014145127208548821
1790.0,0.015333107074784746
1789.0,0.0165978567071602
1788.0,0.018096056396223643
1787.0,0.01986117992400632
1786.0,0.021958752974529826
1785.0,0.02444608414772438
1784.0,0.027147860626954658
1783.0,0.029835144071063743
1782.0,0.032627948703159756
1781.0,0.03582187628885691
1780.0,0.039292541558802074
1779.0,0.04255990718871112
1778.0,0.04549279193017162
1777.0,0.048344233016155105
1776.0,0.05119846300018424
1775.0,0.05396545675144407
1774.0,0.05688835144627248
1773.0,0.06063333658306339
1772.0,0.06513072009945461
1771.0,0.06928963269326692
1770.0,0.07287255260742545
1769.0,0.07682577355566383
1768.0,0.08173733481683655
1767.0,0.08715569849504567
1766.0,0.09240360867149738
1765.0,0.09761453852894636
1764.0,0.10358208024137609
1763.0,0.1112004211372239
1762.0,0.12065071476028089
1761.0,0.13060673741558448
1760.0,0.1394551971738061
1759.0,0.1472023935082966
1758.0,0.15525014435279696
1757.0,0.164440668317047
1756.0,0.17336267132820415
1755.0,0.1800540939232128
1754.0,0.1847612405014289
1753.0,0.18907505584103296
1752.0,0.19384322467361606
1751.0,0.19843353242554015
1750.0,0.20185825030369095
1749.0,0.2038500203515913
1748.0,0.20409018924178068
1747.0,0.2022257880388655
1746.0,0.1985253728602663
1745.0,0.19317293079418604
1744.0,0.18590969592478473
1743.0,0.1769251080674335
1742.0,0.1667805133196928
1741.0,0.15511358892481497
1740.0,0.14141897566031603
1739.0,0.12757049100402076
1738.0,0.11630820767933195
1737.0,0.10754198296878847
1736.0,0.0990439920012811
1735.0,0.08836098745704167
1734.0,0.07629608297682876
1733.0,0.06680878357964556
1732.0,0.06061533504299163
1731.0,0.05580811270038022
1730.0,0.051455218370607354
1729.0,0.047452198629425804
1728.0,0.04397193410461477
1727.0,0.041100581553082494
1726.0,0.03874071889727827
1725.0,0.03662521030027502
1724.0,0.034570916487295454
1723.0,0.032718650732546636
1722.0,0.031245697572437482
1721.0,0.03002425410207138
1720.0,0.028770863462945325
1719.0,0.027348918357462868
1718.0,0.02584210461650261
1717.0,0.024347311992701397
1716.0,0.022881086590760342
1715.0,0.021542176310201694
1714.0,0.02040470892441735
1713.0,0.019367604505392766
1712.0,0.018317844552788218
1711.0,0.017284296206272826
1710.0,0.016352196751716827
1709.0,0.015508401599413326
1708.0,0.014665562688684007
1707.0,0.013798278198889114
1706.0,0.012968739336439456
1705.0,0.012227307849736425
1704.0,0.011586900219162165
1703.0,0.011049571435818561
1702.0,0.010595994962467008
1701.0,0.010087721081355324
1700.0,0.009452825217447874
1699.0,0.008919400976844688
1698.0,0.008606053699025392
1697.0,0.008336276849102396
1696.0,0.007961378077576896
1695.0,0.0075839897054504335
1694.0,0.007341104805749833
1693.0,0.007166037830511578
1692.0,0.006967757860799558
1691.0,0.006751943857234235
1690.0,0.006571110271541361
1689.0,0.006425805590057819
1688.0,0.006274243972618074
1687.0,0.006122888003312114
1686.0,0.006017782288171844
1685.0,0.0059343730730117205
1684.0,0.005785422432326758
1683.0,0.005629957650690649
1682.0,0.005552271132166922
1681.0,0.0054935045942807684
1680.0,0.005401159492427273
1679.0,0.005300784879224615
1678.0,0.005234792023046442
1677.0,0.0051921062809136284
1676.0,0.0051262000965913625
1675.0,0.005045974115029381
1674.0,0.004998809009328339
1673.0,0.004968648965915987
1672.0,0.004910499122852353
1671.0,0.004835198674039432
1670.0,0.004785500470238143
1669.0,0.004751294492467062
1668.0,0.004695425792744796
1667.0,0.0046378239057797924
1666.0,0.004607108445012564
1665.0,0.004588535572467186
1664.0,0.004552045281277977
1663.0,0.004504399828381718
1662.0,0.0044797758810158185
1661.0,0.004468016354842756
1660.0,0.004437142358065322
1659.0,0.004398190309754398
1658.0,0.004377376958998639
1657.0,0.004367611806550892
1656.0,0.004343130650213267
1655.0,0.004305236859539335
1654.0,0.004287330881072264
1653.0,0.004274688613067068
1652.0,0.0042428800141622435
1651.0,0.0042183521554125655
1650.0,0.004209121517817269
1649.0,0.004206535342337471
1648.0,0.004188654660129957
1647.0,0.0041564339418885595
1646.0,0.00414939630565427
1645.0,0.0041570002638666856
1644.0,0.004144564035784679
1643.0,0.004122343781726678
1642.0,0.004116017346859529
1641.0,0.004121071544469229
1640.0,0.0041161588334116825
1639.0,0.004104618241043127
1638.0,0.0041089347721327205
1637.0,0.0041251602073252396
1636.0,0.004114518335019671
1635.0,0.0040876588748265455
1634.0,0.004086210614635925
1633.0,0.004090317536239134
1632.0,0.0040754523597505395
1631.0,0.004055441594634244
1630.0,0.004048814168593144
1629.0,0.0040478386860946895
1628.0,0.004029928998286081
1627.0,0.004002460013190628
1626.0,0.003987641227555482
1625.0,0.003978227446022421
1624.0,0.0039484604308962605
1623.0,0.003902241694969573
1622.0,0.003867365185857668
1621.0,0.003840533258916118
1620.0,0.0038018148983134537
1619.0,0.0037561780874560266
1618.0,0.003721637348827309
1617.0,0.003686618448830882
1616.0,0.00362492447170053
1615.0,0.00355406416738073
1614.0,0.0034987648746285767
1613.0,0.0034488536345039893
1612.0,0.0033880503409276764
1611.0,0.00332205555008484
1610.0,0.003268648397893965
1609.0,0.0032231803998054344
1608.0,0.003167939901810005
1607.0,0.0031099268096857367
1606.0,0.0030677266494126697
1605.0,0.0030342705096116176
1604.0,0.002989794125127334
1603.0,0.0029388639343316137
1602.0,0.002900308826882615
1601.0,0.002870773472452323
1600.0,0.002833904179412661
1599.0,0.002793993561433684
1598.0,0.0027663882876760577
1597.0,0.0027462239006607473
1596.0,0.002716852203525434
1595.0,0.002681740051201035
1594.0,0.0026573924031926895
1593.0,0.0026410241534311715
1592.0,0.0026177806258518366
1591.0,0.0025907812850168694
1590.0,0.002573519014463703
1589.0,0.0025616713829752303
1588.0,0.00254119080586727
1587.0,0.00251643487863397
1586.0,0.002501852746429311
1585.0,0.0024942862221434964
1584.0,0.002479466244257681
1583.0,0.002460167809646277
1582.0,0.0024508602866539775
1581.0,0.0024482451529816316
1580.0,0.0024373448556668387
1579.0,0.0024194771106989888
1578.0,0.0024112559361404427
1577.0,0.002412087187908817
1576.0,0.0024009847035737814
1575.0,0.0023847450864099493
1574.0,0.002382597381306451
1573.0,0.0023863447826064366
1572.0,0.002383821763384873
1571.0,0.002378265355472112
1570.0,0.002381068941253893
1569.0,0.002388628893895586
1568.0,0.0023867549996480727
1567.0,0.0023805868813645053
1566.0,0.002384908215939996
1565.0,0.002398556770742057
1564.0,0.002405432732869103
1563.0,0.0024037608775875434
1562.0,0.002409280162613975
1561.0,0.0024310612592316648
1560.0,0.0024573894283126795
1559.0,0.002463472742617438
1558.0,0.002477068240234229
1557.0,0.002510909991576378
1556.0,0.002527011043857438
1555.0,0.002530565106456193
1554.0,0.0025464415728592617
1553.0,0.002571860050578465
1552.0,0.0025885307257634466
1551.0,0.002595070816589127
1550.0,0.0026065280287146777
1549.0,0.002623868633116212
1548.0,0.0026347927605480615
1547.0,0.00263919043532979
1546.0,0.0026533545437466633
1545.0,0.0026826536182854733
1544.0,0.0027076377516074457
1543.0,0.002715610916655588
1542.0,0.002726426816544459
1541.0,0.0027502425505040316
1540.0,0.0027524788273207658
1539.0,0.0027384570708835054
1538.0,0.0027455200505236417
1537.0,0.0027595265049784623
1536.0,0.002762544641340585
1535.0,0.002760756267973584
1534.0,0.002770699659230377
1533.0,0.0027955463202174982
1532.0,0.0028151592796004576
1531.0,0.0028230342957187484
1530.0,0.0028306861606687715
1529.0,0.0028439820696737348
1528.0,0.002853784196207746
1527.0,0.002853025979723839
1526.0,0.0028544479580252134
1525.0,0.002867234456757532
1524.0,0.002879130285861947
1523.0,0.0028823695945677666
1522.0,0.0028934479506878136
1521.0,0.0029210145423496517
1520.0,0.0029410292278782514
1519.0,0.002940337558480062
1518.0,0.002939167186676128
1517.0,0.0029528123184536467
1516.0,0.002965320436444918
1515.0,0.0029629347948216945
1514.0,0.002958361222878347
1513.0,0.0029634982013403955
1512.0,0.0029690748956111707
1511.0,0.0029616062045482515
1510.0,0.002948231289676935
1509.0,0.0029493421458965737
1508.0,0.0029619781395649244
1507.0,0.00295002549068864
1506.0,0.002936330968171166
1505.0,0.002956785572058785
1504.0,0.00297177700890865
1503.0,0.0029616766337852087
1502.0,0.0029481862537021277
1501.0,0.0029488958203308623
1500.0,0.0029574258016102084
1499.0,0.0029545974805647666
1498.0,0.002950475447666833
1497.0,0.0029709934478611894
1496.0,0.002998819877429787
1495.0,0.0030005629891724276
1494.0,0.0029932130544258876
1493.0,0.003008304871586622
1492.0,0.003042307224836217
1491.0,0.0030697446558613033
1490.0,0.003096483712753434
1489.0,0.0031512583225544962
1488.0,0.0032147531934310185
1487.0,0.0032560633276909755
1486.0,0.0032944599253311425
1485.0,0.0033578990382043816
1484.0,0.003437906556512338
1483.0,0.003518034773862806
1482.0,0.0036152703672315423
1481.0,0.0037507779453190126
1480.0,0.0039015479828579955
1479.0,0.004040631117075711
1478.0,0.004202265901513559
1477.0,0.004443272521991138
1476.0,0.0047543058540754505
1475.0,0.005096736607502891
1474.0,0.005557703179181878
1473.0,0.006309496903643406
1472.0,0.007270828482029847
1471.0,0.008188704167852546
1470.0,0.009065339978712485
1469.0,0.01004430711276324
1468.0,0.011202479800324438
1467.0,0.012633625314631667
1466.0,0.014567829242518236
1465.0,0.017126232880718083
1464.0,0.01987032260728936
1463.0,0.022243208433317497
1462.0,0.024243247628627396
1461.0,0.02610882083510113
1460.0,0.027986255023184234
1459.0,0.03000781018166321
1458.0,0.032544655807083
1457.0,0.035429293022994905
1456.0,0.03745612610083665
1455.0,0.03830094559596204
1454.0,0.03864156762197362
1453.0,0.038806072362683436
1452.0,0.038759652429549436
1451.0,0.03842872834137313
1450.0,0.037810278066117343
1449.0,0.03679688237582958
1448.0,0.03523858264543129
1447.0,0.033245406343719176
1446.0,0.031050268058794635
1445.0,0.028673773287430038
1444.0,0.026037300646907555
1443.0,0.02321913615225595
1442.0,0.020434955068101484
1441.0,0.01788884572511948
1440.0,0.015697667578897803
1439.0,0.013854677905940976
1438.0,0.012189324881016372
1437.0,0.010529928418428258
1436.0,0.0090719890881639
1435.0,0.008111002194743647
1434.0,0.007530875338224018
1433.0,0.007066711115700715
1432.0,0.006622081149232658
1431.0,0.006232451386187493
1430.0,0.005919378778087052
1429.0,0.005643017417325264
1428.0,0.005405284706959048
1427.0,0.005238702946745168
1426.0,0.005119064546445771
1425.0,0.004986745661483898
1424.0,0.0048440488235135006
1423.0,0.0047465465938623125
1422.0,0.004693183804312358
1421.0,0.0046324784742038435
1420.0,0.004561999888080668
1419.0,0.004533132556273733
1418.0,0.004535676231549867
1417.0,0.00451228826433422
1416.0,0.004481095358525842
1415.0,0.0044879449381717154
1414.0,0.004519733358579439
1413.0,0.004539297262383949
1412.0,0.00455802148515057
1411.0,0.0046142779127440105
1410.0,0.004694976837424424
1409.0,0.004761297096030146
1408.0,0.004827250768901887
1407.0,0.004938053752158462
1406.0,0.005095703017260572
1405.0,0.005270956236483098
1404.0,0.005470042600330763
1403.0,0.005710185950730674
1402.0,0.005978449751668563
1401.0,0.006293495513331745
1400.0,0.0067507046848673865
1399.0,0.007402795315961318
1398.0,0.008169833484472656
1397.0,0.00903384015322065
1396.0,0.010180910214604804
1395.0,0.011751033946546538
1394.0,0.01356003872950182
1393.0,0.015333855634747387
1392.0,0.017034113208080716
1391.0,0.01874331078832968
1390.0,0.020525236526618678
1389.0,0.022477052048727495
1388.0,0.024690751282895305
1387.0,0.026993908986749818
1386.0,0.028979141122006766
1385.0,0.03045240223838024
1384.0,0.03148537190492249
1383.0,0.03211580784453529
1382.0,0.03228115241920012
1381.0,0.03193263495504781
1380.0,0.031084666197429382
1379.0,0.029823948247166086
1378.0,0.02834979901118577
1377.0,0.026920246020863223
1376.0,0.02574772606073245
1375.0,0.025019689917806225
1374.0,0.02489521875723383
1373.0,0.02533746081121438
1372.0,0.026114683398833962
1371.0,0.027026408080491223
1370.0,0.027975824209502523
1369.0,0.028878792556756162
1368.0,0.029625471458827567
1367.0,0.03015328223528624
1366.0,0.030502832774571546
1365.0,0.030768338370198337
1364.0,0.031027095925594418
1363.0,0.031299664389062606
1362.0,0.03154379890479102
1361.0,0.03169939628104716
1360.0,0.03173520840486477
1359.0,0.03164511668135185
1358.0,0.03142621460456543
1357.0,0.031065184847970946
1356.0,0.030541103266140426
1355.0,0.029851419894262415
1354.0,0.02902994246980897
1353.0,0.028122550946284165
1352.0,0.027155655670727277
1351.0,0.026146678441371137
1350.0,0.025127839958558326
1349.0,0.024135982959403113
1348.0,0.02319023294729667
1347.0,0.02229845199812548
1346.0,0.021472265047265238
1345.0,0.020720182400110795
1344.0,0.020039831570620392
1343.0,0.019426226995389387
1342.0,0.01887305035767196
1341.0,0.018361416747658035
1340.0,0.017869593482271982
1339.0,0.017406185111104627
1338.0,0.017000952010337616
1337.0,0.01665446466639516
1336.0,0.01633901610124717
1335.0,0.016042075073349153
1334.0,0.015773167428019638
1333.0,0.015535450813283797
1332.0,0.0153187085197567
1331.0,0.015123080440199384
1330.0,0.014964172538371956
1329.0,0.014848088879607504
1328.0,0.014764021151558513
1327.0,0.014705823150515595
1326.0,0.014678327207960843
1325.0,0.014677375571101863
1324.0,0.014684957341120774
1323.0,0.014690522125422954
1322.0,0.014698661372079931
1321.0,0.014710685579394143
1320.0,0.014716860512157119
1319.0,0.014713580149427197
1318.0,0.014710811700570462
1317.0,0.014714893869724055
1316.0,0.014722323009691967
1315.0,0.014735470575201023
1314.0,0.014764682784069498
1313.0,0.014809464179762854
1312.0,0.014855633338364675
1311.0,0.014896880474215085
1310.0,0.014940587051943965
1309.0,0.014987906813813446
1308.0,0.015026669661307116
1307.0,0.01504918535325291
1306.0,0.01506034912717552
1305.0,0.01506177417865796
1304.0,0.015044417795752767
1303.0,0.01500311965486422
1302.0,0.014941960610563056
1301.0,0.014858553699309324
1300.0,0.014738458150517575
1299.0,0.014571497658519708
1298.0,0.014359217760552129
1297.0,0.014102567639430642
1296.0,0.013800303190178307
1295.0,0.013466815563040498
1294.0,0.013136387795044571
1293.0,0.012846020787362501
1292.0,0.012629155741655785
1291.0,0.012525623414569812
1290.0,0.012578080929589928
1289.0,0.012812104630244889
1288.0,0.013229998605973906
1287.0,0.013824116824291495
1286.0,0.014585457295903213
1285.0,0.015498380959987585
1284.0,0.016537072512139983
1283.0,0.017673471574351292
1282.0,0.01888525629331512
1281.0,0.020150479452405796
1280.0,0.021437644405954182
1279.0,0.022712156014042643
1278.0,0.02395179543281032
1277.0,0.02514188870529337
1276.0,0.02625737911430537
1275.0,0.027269849774905496
1274.0,0.028172306627973303
1273.0,0.028973789362776205
1272.0,0.02966826758037484
1271.0,0.03023368457742043
1270.0,0.03066222197074052
1269.0,0.03096332087822401
1268.0,0.03113757693068441
1267.0,0.031177942382432648
1266.0,0.031094803577692336
1265.0,0.030911188184371087
1264.0,0.030636908259409956
1263.0,0.030273772592934897
1262.0,0.029838833028205457
1261.0,0.029356905927743274
1260.0,0.02883933497018303
1259.0,0.02829381592815855
1258.0,0.027743104967709376
1257.0,0.02721117957519713
1256.0,0.026703760941001894
1255.0,0.026221650744323453
1254.0,0.025779446780756474
1253.0,0.02539334102665346
1252.0,0.025063454289219602
1251.0,0.02478473295091921
1250.0,0.024562666060388122
1249.0,0.024402926888749166
1248.0,0.02429811301270014
1247.0,0.02424008992566971
1246.0,0.02423447178017565
1245.0,0.024288428928144652
1244.0,0.02439440606008483
1243.0,0.0245405958745279
1242.0,0.02472856688867138
1241.0,0.024966266986341662
1240.0,0.025252400730091967
1239.0,0.025582493131594195
1238.0,0.025962976519923613
1237.0,0.02640452669921033
1236.0,0.026907964822505622
1235.0,0.027471909938820004
1234.0,0.028108444907503572
1233.0,0.028835013352109518
1232.0,0.029655306709260535
1231.0,0.03056429708326383
1230.0,0.031567279630848356
1229.0,0.032675072718845094
1228.0,0.03388368237790276
1227.0,0.03518006538375915
1226.0,0.03656648664836678
1225.0,0.03805459154069676
1224.0,0.03963460606132889
1223.0,0.04127920209451197
1222.0,0.042981113976319874
1221.0,0.04475343743130354
1220.0,0.04658680858644911
1219.0,0.04844409835685992
1218.0,0.05030469430232398
1217.0,0.05216800810065649
1216.0,0.05400162529986332
1215.0,0.055739007226005645
1214.0,0.05734358216106336
1213.0,0.058817888857022875
1212.0,0.060136555637986824
1211.0,0.06124088224981259
1210.0,0.062120272299077364
1209.0,0.06282745520982111
1208.0,0.06339943761172634
1207.0,0.06384047831486102
1206.0,0.06419182967933669
1205.0,0.06453521805453444
1204.0,0.06491434481025772
1203.0,0.06532950870415505
1202.0,0.06581573518262228
1201.0,0.06644683776886064
1200.0,0.06725585361743018
1199.0,0.06823051352369675
1198.0,0.0693958446868945
1197.0,0.07082152382136134
1196.0,0.07253613089810176
1195.0,0.07451865589531351
1194.0,0.076793112607252
1193.0,0.07944483349830404
1192.0,0.0825170812518101
1191.0,0.08598259506036422
1190.0,0.08985082334472387
1189.0,0.09419905041637278
1188.0,0.09903991480505099
1187.0,0.10425409518212597
1186.0,0.10970220265685605
1185.0,0.11526237270697662
1184.0,0.12065348265424268
1183.0,0.12534548324153086
1182.0,0.1287397225243935
1181.0,0.1302830175735328
1180.0,0.12937547084739903
1179.0,0.12554197468582462
1178.0,0.11887836773142198
1177.0,0.11006607752222543
1176.0,0.0999493824861444
1175.0,0.08933145136447254
1174.0,0.07897519076612501
1173.0,0.06945063885496686
1172.0,0.060989799377048425
1171.0,0.053599581471388415
1170.0,0.047242604947255025
1169.0,0.04186177965303303
1168.0,0.03734202218073074
1167.0,0.03354842953502092
1166.0,0.030382426445367847
1165.0,0.02776695590640652
1164.0,0.025614844072523756
1163.0,0.0238460536770521
1162.0,0.02240878650489225
1161.0,0.021259416700900865
1160.0,0.020344295533888272
1159.0,0.019619786322537705
1158.0,0.019069961131349608
1157.0,0.01868873113358625
1156.0,0.01846206611714349
1155.0,0.018381220083991304
1154.0,0.01845646556138241
1153.0,0.018705067055636376
1152.0,0.01913992253307411
1151.0,0.019781418025607532
1150.0,0.020667517999164317
1149.0,0.021839752993250448
1148.0,0.02332737542628177
1147.0,0.02515364316812369
1146.0,0.027347414905117287
1145.0,0.029931447796462875
1144.0,0.03289670661649225
1143.0,0.03620071903678339
1142.0,0.039793698867301934
1141.0,0.043623354926936725
1140.0,0.04760225371534798
1139.0,0.0516068196401125
1138.0,0.055535243344349734
1137.0,0.05932675368972329
1136.0,0.06290333448946682
1135.0,0.06616137493393734
1134.0,0.06905930442188356
1133.0,0.0716352951101667
1132.0,0.07389889497098164
1131.0,0.07578636554587803
1130.0,0.07724208735657831
1129.0,0.07823242910395078
1128.0,0.07865440837235833
1127.0,0.07836565705473429
1126.0,0.07735394180221693
1125.0,0.07576977334739973
1124.0,0.07378900122416189
1123.0,0.07156841791342637
1122.0,0.0693122066123324
1121.0,0.06723019115220122
1120.0,0.06541764710521306
1119.0,0.06387007479099457
1118.0,0.06260119765406068
1117.0,0.061659594948576105
1116.0,0.0610514543728589
1115.0,0.06074755058068285
1114.0,0.0607713416069937
1113.0,0.06119855861626402
1112.0,0.06206413122807167
1111.0,0.06334513031333547
1110.0,0.06503855114302601
1109.0,0.06716963620891128
1108.0,0.06970280537009695
1107.0,0.07252963338014494
1106.0,0.07557710217936357
1105.0,0.07884218241087576
1104.0,0.08228758139458864
1103.0,0.08581204545295433
1102.0,0.08937390607859677
1101.0,0.09302627225003264
1100.0,0.09677241163248104
1099.0,0.10052185924065017
1098.0,0.1042552052011944
1097.0,0.10807425621891988
1096.0,0.11201204445935554
1095.0,0.11597108481123548
1094.0,0.11993283940014843
1093.0,0.1240242562381437
1092.0,0.12827851836745421
1091.0,0.1325518204175755
1090.0,0.1367805857265022
1089.0,0.1410661601669214
1088.0,0.1453733434929704
1087.0,0.14942253640915848
1086.0,0.15302753773170946
1085.0,0.15622611555963034
1084.0,0.15892741031985125
1083.0,0.16081077257810994
1082.0,0.16173717800854426
1081.0,0.1618513505191965
1080.0,0.16114779881157934
1079.0,0.15938936297763612
1078.0,0.15654782665251765
1077.0,0.15285826137399533
1076.0,0.14839020567524422
1075.0,0.14302513490699828
1074.0,0.1368627233118191
1073.0,0.13022612629114594
1072.0,0.12330115632368223
1071.0,0.11613439565403613
1070.0,0.10891295641382914
1069.0,0.10193278101553901
1068.0,0.09535710783941352
1067.0,0.08924035640194145
1066.0,0.0837156126767399
1065.0,0.07897067320203334
1064.0,0.07509127059861258
1063.0,0.07206332061624679
1062.0,0.06988314754756703
1061.0,0.0685484347816494
1060.0,0.06796062714422631
1059.0,0.06793743241038658
1058.0,0.06832765180980536
1057.0,0.06903979970514974
1056.0,0.06996579871499765
1055.0,0.07097955991283059
1054.0,0.07203508221425485
1053.0,0.07317365680661776
1052.0,0.07440251902875807
1051.0,0.07566004601552154
1050.0,0.07692365519456712
1049.0,0.07821821343807372
1048.0,0.07947835457447666
1047.0,0.08054588462045476
1046.0,0.08132927944478524
1045.0,0.08182539425552558
1044.0,0.08198068915936726
1043.0,0.08167908774626195
1042.0,0.08087788741495795
1041.0,0.0796242626559428
1040.0,0.07793530960533562
1039.0,0.07579613361803737
1038.0,0.07327748545472625
1037.0,0.07053161616248757
1036.0,0.06767710415874514
1035.0,0.06478943598024269
1034.0,0.06197896374418488
1033.0,0.05937363084004928
1032.0,0.05703115903360767
1031.0,0.05494193211333469
1030.0,0.05309726663450745
1029.0,0.0514872174203243
1028.0,0.05004902493728979
1027.0,0.04868422252296869
1026.0,0.0473243611613837
1025.0,0.04593405409394951
1024.0,0.04446725108806895
1023.0,0.04287763029507655
1022.0,0.041166470944457294
1021.0,0.03937391798537392
1020.0,0.03753113307054368
1019.0,0.035659322657165635
1018.0,0.03379775660277487
1017.0,0.03199080577925169
1016.0,0.030258075560428057
1015.0,0.02860643012729873
1014.0,0.027055689593663612
1013.0,0.025626509538190862
1012.0,0.02431772661117043
1011.0,0.023117330593285378
1010.0,0.022022821964107375
1009.0,0.021034215013471032
1008.0,0.020140150313360274
1007.0,0.01932638407159969
1006.0,0.018587513411287823
1005.0,0.017918556026955603
1004.0,0.017305810781059087
1003.0,0.016736742970085504
1002.0,0.016209224926722006
1001.0,0.01572279118792349
1000.0,0.015270694125732176
999.0,0.014847302613398047
998.0,0.014452900343499627
997.0,0.014084771323724377
996.0,0.013733510758513935
995.0,0.013394002757883943
994.0,0.013070674630675053
993.0,0.01276686769103897
992.0,0.012478373563580242
991.0,0.012201729885484828
990.0,0.011938853616760245
989.0,0.011688982180044875
988.0,0.01144559158902292
987.0,0.011205431481966621
986.0,0.010971820651112772
985.0,0.010745760532376714
984.0,0.010522488469938114
983.0,0.010299578539716218
982.0,0.01008010032574845
981.0,0.009865711712103535
980.0,0.009654951696760665
979.0,0.009449720454151546
978.0,0.009254726841361615
977.0,0.009069537461034654
976.0,0.008889783912032956
975.0,0.008716314801499932
974.0,0.008554381044555673
973.0,0.008404544827606086
972.0,0.00826407378584528
971.0,0.008136939041334963
970.0,0.008033088390451193
969.0,0.00795883349810223
968.0,0.007918164138469408
967.0,0.007923531287597754
966.0,0.007995823172232379
965.0,0.008153356416681428
964.0,0.00840800286715741
963.0,0.008767686001465934
962.0,0.009228716496339294
961.0,0.009761263940327418
960.0,0.010308230451252915
959.0,0.010801925267786547
958.0,0.011183446744455702
957.0,0.011413658612661918
956.0,0.011479118988888157
955.0,0.011395845841209933
954.0,0.011201797421611277
953.0,0.010937390298463967
952.0,0.010633300394412338
951.0,0.010313945564045076
950.0,0.009999821815960066
949.0,0.009701641898294113
948.0,0.00942120293847742
947.0,0.009161271663560693
946.0,0.008927113124287716
945.0,0.008718022521125161
944.0,0.008527069098632772
943.0,0.008350946608025945
942.0,0.008192204646918914
941.0,0.008051604049122129
940.0,0.007926733110330708
939.0,0.007818289350514724
938.0,0.00772916719742088
937.0,0.007657098665363689
936.0,0.007596158234416391
935.0,0.007545142705204023
934.0,0.007506734429164242
933.0,0.007479573495210515
932.0,0.007459507920127539
931.0,0.007447589056848796
930.0,0.007448211048682256
929.0,0.007459971380257779
928.0,0.00747654431528191
927.0,0.007495648573695054
926.0,0.0075187767531115415
925.0,0.007543010402333981
924.0,0.007562164219681396
923.0,0.007576006307861895
922.0,0.0075895286476115546
921.0,0.0076026434465469375
920.0,0.007609054807052618
919.0,0.0076059881292448745
918.0,0.007596911447332204
917.0,0.007583856908823397
916.0,0.007565025444668208
915.0,0.007541002892868055
914.0,0.007515593480373006
913.0,0.007489229395630509
912.0,0.007458825482444989
911.0,0.007425263700581242
910.0,0.007393982939225406
909.0,0.007367346247203798
908.0,0.00734339338291611
907.0,0.007322531624837215
906.0,0.007308502932944218
905.0,0.007302636476397475
904.0,0.00730379863346238
903.0,0.007313473197675157
902.0,0.007334068519712468
901.0,0.007362961552136074
900.0,0.007394868283600054
899.0,0.00742866199098075
898.0,0.007464428396269755
897.0,0.007494834442567941
896.0,0.007506839549053313
895.0,0.0074912773364098125
894.0,0.0074440868026536666
893.0,0.007360274275618304
892.0,0.0072360509921166275
891.0,0.007077845378800985
890.0,0.006902321799689651
889.0,0.006728842025219916
888.0,0.006580436962603374
887.0,0.0064902418097129684
886.0,0.006495787420398971
885.0,0.006625527696047908
884.0,0.006896962019636148
883.0,0.0073230202572561725
882.0,0.007909813158572972
881.0,0.008650012005364485
880.0,0.009526288155095668
879.0,0.010519167574194995
878.0,0.011604935997908312
877.0,0.012746404087563138
876.0,0.013890732558910834
875.0,0.014979807319837835
874.0,0.0159640335428386
873.0,0.016806690650887655
872.0,0.017481409516998846
871.0,0.01797644071017487
870.0,0.01830051283681543
869.0,0.018473041361592942
868.0,0.018508723543081244
867.0,0.01841908998331269
866.0,0.018220068503836704
865.0,0.017922878919134386
864.0,0.01752150018894589
863.0,0.01700021099451085
862.0,0.01634798486435558
861.0,0.015558140060143208
860.0,0.01462836414416124
859.0,0.013578569222410467
858.0,0.012462592494114572
857.0,0.011351465279724198
856.0,0.010311177764558324
855.0,0.00939754146598625
854.0,0.008651993531673457
853.0,0.008089632644000254
852.0,0.007697203849952053
851.0,0.007443377615567287
850.0,0.007283286810783676
849.0,0.007158500290444597
848.0,0.007010063317431498
847.0,0.006800357327822099
846.0,0.006520080446144153
845.0,0.006177233833825233
844.0,0.005789809338208367
843.0,0.0053874007903243724
842.0,0.005003459282216556
841.0,0.00465805006735967
840.0,0.004354086242629333
839.0,0.004089068001491277
838.0,0.0038610161568569234
837.0,0.003664835548907232
836.0,0.0034940316406209112
835.0,0.003346868814211144
834.0,0.00322333705716951
833.0,0.0031178618904082337
832.0,0.003023037961187267
831.0,0.002938110215472969
830.0,0.0028653145309993832
829.0,0.002800689134596292
828.0,0.002737988134935424
827.0,0.0026788386905461548
826.0,0.002628433834726291
825.0,0.002584545105403445
824.0,0.0025425719545672174
823.0,0.0025062768656386033
822.0,0.0024802296664389535
821.0,0.0024582684517453486
820.0,0.0024321317047621338
819.0,0.002403979848267953
818.0,0.002379504620774851
817.0,0.0023558299426756617
816.0,0.002326546660681779
815.0,0.0022934698326924187
814.0,0.0022635384721365528
813.0,0.002238156933718405
812.0,0.0022150408414225854
811.0,0.0021965127838331775
810.0,0.0021861451035435756
809.0,0.0021804116531621742
808.0,0.0021727269847195622
807.0,0.0021627261813351524
806.0,0.0021534826707114846
805.0,0.0021436107935154866
804.0,0.0021308883915548914
803.0,0.002120001103438239
802.0,0.002118040795254253
801.0,0.002125627791611764
800.0,0.00214038784886082
799.0,0.002165032069777388
798.0,0.002203520202832145
797.0,0.002253208895341402
796.0,0.0023094427761091037
795.0,0.002374695975559595
794.0,0.0024555494733658877
793.0,0.002554487398816032
792.0,0.0026724630262375962
791.0,0.002815224814438298
790.0,0.002988357119204874
789.0,0.003188791195099682
788.0,0.003408333090111358
787.0,0.003642555345115741
786.0,0.0038896894216647535
785.0,0.0041441844962261986
784.0,0.004398562873138351
783.0,0.004649973761198186
782.0,0.004899477011076063
781.0,0.00514750619294781
780.0,0.005396151169647054
779.0,0.005653653145754331
778.0,0.005929914473958484
777.0,0.006228171087527948
776.0,0.0065459688993506175
775.0,0.0068824789500472605
774.0,0.007239227823616466
773.0,0.00761505269425731
772.0,0.008006782958157876
771.0,0.008415669598795302
770.0,0.008848596732986052
769.0,0.009312485880766875
768.0,0.009811530210021974
767.0,0.010349620136988914
766.0,0.010929756111001488
765.0,0.0115489770090609
764.0,0.01219773297631978
763.0,0.012865827708642865
762.0,0.013544106455067319
761.0,0.014216130839526895
760.0,0.014851667226293132
759.0,0.01541457942333014
758.0,0.01587657237707568
757.0,0.016219138634666935
756.0,0.016427135402852323
755.0,0.016492045864836116
754.0,0.016422273931074108
753.0,0.016241300634156904
752.0,0.015975859481052537
751.0,0.015652779715003562
750.0,0.015302413631391343
749.0,0.014953296832006063
748.0,0.014622318138978099
747.0,0.014314333707658836
746.0,0.014027299703606857
745.0,0.01375260548926507
744.0,0.013475725636653745
743.0,0.013183703915568697
742.0,0.012869503156590674
741.0,0.012525018668547591
740.0,0.012134601392770063
739.0,0.011680602678494363
738.0,0.011151622537935857
737.0,0.01054334667112875
736.0,0.009860039311626073
735.0,0.009122582876602996
734.0,0.008370856757275169
733.0,0.00765285768534924
732.0,0.007012227795004596
731.0,0.0064827823465147625
730.0,0.006084055019929986
729.0,0.0058173745988074396
728.0,0.005671169206294993
727.0,0.005633736621429652
726.0,0.00569863300065788
725.0,0.005857327684094306
724.0,0.006094169220490254
723.0,0.006394629057096682
722.0,0.006753499243535669
721.0,0.0071659631921871195
720.0,0.007610843714219632
719.0,0.008053569883410468
718.0,0.008468334048866401
717.0,0.008846782871646627
716.0,0.009187251293643622
715.0,0.009487990377844938
714.0,0.009749870179689948
713.0,0.009975335944511353
712.0,0.01016320098039886
711.0,0.01031148746608011
710.0,0.01042457707428281
709.0,0.010510973172469948
708.0,0.010575671924194825
707.0,0.010620153422682795
706.0,0.010647544744375967
705.0,0.010661307565630003
704.0,0.010661208721787248
703.0,0.010647382724544314
702.0,0.010624927610487828
701.0,0.010598378982064923
700.0,0.010566142385709886
699.0,0.010525200605930353
698.0,0.010477352953291304
697.0,0.010425382575500266
696.0,0.01036766814556396
695.0,0.010303780108395215
694.0,0.010239533769121517
693.0,0.010179908664444726
692.0,0.010122122825585528
691.0,0.01006060059453414
690.0,0.00999493947854043
689.0,0.009927277943778737
688.0,0.009857036583522327
687.0,0.00978550763850353
686.0,0.009717872519710815
685.0,0.009654078472425342
684.0,0.009586684252676832
683.0,0.009513271052454067
682.0,0.009442931274137865
681.0,0.0093845341072846
680.0,0.009335175014581122
679.0,0.009286401710682684
678.0,0.009234604787474269
677.0,0.009179754932132227
676.0,0.00911687671798804
675.0,0.009044227351769879
674.0,0.008970856180218593
673.0,0.008903791696523597
672.0,0.008837801460814506
671.0,0.008763601133168108
670.0,0.008677633897588015
669.0,0.008573267513967113
668.0,0.00846952827309984
667.0,0.00843435861752179
666.0,0.008431271614710556
665.0,0.008396311833551787
664.0,0.008336316376836678
663.0,0.008261163134310584
662.0,0.008173484166705507
661.0,0.008081678128525338
660.0,0.007995681114358034
659.0,0.007919749667994497
658.0,0.007849086779911807
657.0,0.007774263409538519
656.0,0.0076860374125507745
655.0,0.00758505971237991
654.0,0.007482783499947366
653.0,0.0073889501360960355
652.0,0.00730393265253265
651.0,0.007222276295545496
650.0,0.007135810478254068
649.0,0.0070374916752686985
648.0,0.00693045560417758
647.0,0.006829207671622938
646.0,0.006742258884370042
645.0,0.006659701134011157
644.0,0.006570115168402466
643.0,0.006479647445867716
642.0,0.006398249870252846
641.0,0.006316250646615973
640.0,0.006214824824939148
639.0,0.006094184618418198
638.0,0.005972885986201221
637.0,0.005862772924846462
636.0,0.005764733320428273
635.0,0.005681223597680682
634.0,0.0056076688625195615
633.0,0.005523650835130602
632.0,0.005417426917833828
631.0,0.00530686759495781
630.0,0.005213816311141304
629.0,0.005129351267939689
628.0,0.0050297044036371995
627.0,0.0049120113392001116
626.0,0.004786306045555201
625.0,0.0046434364791232904
624.0,0.00446887527151248
623.0,0.0042833607218235115
622.0,0.004126955933487951
621.0,0.00400830099359908
620.0,0.003910087774612393
619.0,0.0038234946867134042
618.0,0.003736496941106506
617.0,0.003619556890595433
616.0,0.003469816187292098
615.0,0.003334342942896769
614.0,0.0032426046205706518
613.0,0.0031621769756135475
612.0,0.0030653608650718063
611.0,0.0029847283493380583
610.0,0.002955670064893467
609.0,0.00295534228815813
608.0,0.002950249454245128
607.0,0.002950764876759832
606.0,0.0029695702846735334
605.0,0.0029738167014730374
604.0,0.002935256951226933
603.0,0.0028838867273827794
602.0,0.002856851220202022
601.0,0.002835199835558757
600.0,0.0027841112904386286
599.0,0.0027205090696529564
598.0,0.0026888751004436632
597.0,0.002695931441855915
596.0,0.0027194706149019383
595.0,0.002751778401190789
594.0,0.0027857155718316543
593.0,0.002782651616611072
592.0,0.002707169785080548
591.0,0.0025870722891997823
590.0,0.002486455877601776
589.0,0.0024239708922942373
588.0,0.0023773204792128847
587.0,0.0023410440778854078
586.0,0.0023235764575941166
585.0,0.0023089397197661884
584.0,0.0022713118854103885
583.0,0.002215354558877908
582.0,0.0021607916753881603
581.0,0.0021010682425058437
580.0,0.0020195682280485395
579.0,0.0019256105488352714
578.0,0.001833770709320694
577.0,0.0017428440386987455
576.0,0.001675799471272929
575.0,0.0016802135082897656
574.0,0.001736438125147741
573.0,0.0017549887804683222
572.0,0.0017022513051711935
571.0,0.0016438996658106652
570.0,0.0016353554858872773
569.0,0.0016409343030082523
568.0,0.0016203408459509734
567.0,0.0016027636439581638
566.0,0.0016109116122802053
565.0,0.0016067307313302514
564.0,0.0015751813412869606
563.0,0.0015698058101909274
562.0,0.0016213783207069433
561.0,0.0016792327669709179
560.0,0.001695688924375487
559.0,0.0016859666778538504
558.0,0.0016618717766704173
557.0,0.001589904273310239
556.0,0.001473279589799484
555.0,0.0013928331585922995
554.0,0.0013909919533189666
553.0,0.001403627336680686
552.0,0.0013855760691211302
551.0,0.001393834320232156
550.0,0.0014667161743964043
