cm-1,A
4000.0,0.01646391839700767
3999.0,0.01646391839700767
3998.0,0.016509028184833463
3997.0,0.016509028184833463
3996.0,0.016554142658660398
3995.0,0.016509028184833463
3994.0,0.016418813294209356
3993.0,0.016418813294209356
3992.0,0.016373712875465518
3991.0,0.016418813294209356
3990.0,0.01646391839700767
3989.0,0.016509028184833463
3988.0,0.016509028184833463
3987.0,0.016509028184833463
3986.0,0.016509028184833463
3985.0,0.016509028184833463
3984.0,0.016509028184833463
3983.0,0.016509028184833463
3982.0,0.016509028184833463
3981.0,0.016554142658660398
3980.0,0.016554142658660398
3979.0,0.016554142658660398
3978.0,0.016509028184833463
3977.0,0.01646391839700767
3976.0,0.016373712875465518
3975.0,0.01632861713980338
3974.0,0.01632861713980338
3973.0,0.016373712875465518
3972.0,0.016418813294209356
3971.0,0.01646391839700767
3970.0,0.016509028184833463
3969.0,0.016509028184833463
3968.0,0.016509028184833463
3967.0,0.01646391839700767
3966.0,0.01646391839700767
3965.0,0.016418813294209356
3964.0,0.016418813294209356
3963.0,0.01646391839700767
3962.0,0.01646391839700767
3961.0,0.016418813294209356
3960.0,0.016418813294209356
3959.0,0.016418813294209356
3958.0,0.01646391839700767
3957.0,0.016509028184833463
3956.0,0.016554142658660398
3955.0,0.016554142658660398
3954.0,0.016509028184833463
3953.0,0.016418813294209356
3952.0,0.01632861713980338
3951.0,0.016238439713835096
3950.0,0.016193358021584725
3949.0,0.016148281008528276
3948.0,0.016148281008528276
3947.0,0.016148281008528276
3946.0,0.016148281008528276
3945.0,0.01628352608625061
3944.0,0.016418813294209356
3943.0,0.016554142658660398
3942.0,0.016554142658660398
3941.0,0.01646391839700767
3940.0,0.01646391839700767
3939.0,0.016554142658660398
3938.0,0.016599261819461697
3937.0,0.016554142658660398
3936.0,0.016418813294209356
3935.0,0.01632861713980338
3934.0,0.01628352608625061
3933.0,0.01628352608625061
3932.0,0.01632861713980338
3931.0,0.01632861713980338
3930.0,0.01632861713980338
3929.0,0.01628352608625061
3928.0,0.016238439713835096
3927.0,0.016193358021584725
3926.0,0.016238439713835096
3925.0,0.01628352608625061
3924.0,0.01628352608625061
3923.0,0.016238439713835096
3922.0,0.016238439713835096
3921.0,0.01628352608625061
3920.0,0.01632861713980338
3919.0,0.016418813294209356
3918.0,0.016554142658660398
3917.0,0.016599261819461697
3916.0,0.016599261819461697
3915.0,0.016599261819461697
3914.0,0.016599261819461697
3913.0,0.016734647433454652
3912.0,0.016824927962187042
3911.0,0.016870075265299933
3910.0,0.016734647433454652
3909.0,0.016554142658660398
3908.0,0.016238439713835096
3907.0,0.015922966097169144
3906.0,0.015697768020096703
3905.0,0.015607721475734415
3904.0,0.01547268665620738
3903.0,0.015337693809893471
3902.0,0.015292705517326866
3901.0,0.01547268665620738
3900.0,0.015832872853011715
3899.0,0.016148281008528276
3898.0,0.01632861713980338
3897.0,0.01646391839700767
3896.0,0.01646391839700767
3895.0,0.016418813294209356
3894.0,0.016373712875465518
3893.0,0.016418813294209356
3892.0,0.016509028184833463
3891.0,0.016418813294209356
3890.0,0.016103208673694303
3889.0,0.015922966097169144
3888.0,0.015922966097169144
3887.0,0.016103208673694303
3886.0,0.016148281008528276
3885.0,0.015922966097169144
3884.0,0.015607721475734415
3883.0,0.015562705203923999
3882.0,0.015877917138889863
3881.0,0.01632861713980338
3880.0,0.01646391839700767
3879.0,0.01628352608625061
3878.0,0.016148281008528276
3877.0,0.016193358021584725
3876.0,0.01628352608625061
3875.0,0.01628352608625061
3874.0,0.016058141016111804
3873.0,0.015742798294583915
3872.0,0.015652742414136167
3871.0,0.015922966097169144
3870.0,0.016103208673694303
3869.0,0.015922966097169144
3868.0,0.015652742414136167
3867.0,0.015562705203923999
3866.0,0.015742798294583915
3865.0,0.01596801972881945
3864.0,0.016058141016111804
3863.0,0.016103208673694303
3862.0,0.016193358021584725
3861.0,0.01628352608625061
3860.0,0.01632861713980338
3859.0,0.016238439713835096
3858.0,0.015922966097169144
3857.0,0.01538268676325183
3856.0,0.014932966849499074
3855.0,0.014843078722943437
3854.0,0.015337693809893471
3853.0,0.015517693597737248
3852.0,0.015292705517326866
3851.0,0.015517693597737248
3850.0,0.016193358021584725
3849.0,0.01677978535189717
3848.0,0.016915227262211507
3847.0,0.016870075265299933
3846.0,0.016689514205884493
3845.0,0.016509028184833463
3844.0,0.016238439713835096
3843.0,0.01596801972881945
3842.0,0.015652742414136167
3841.0,0.015427684378367834
3840.0,0.015427684378367834
3839.0,0.015562705203923999
3838.0,0.015652742414136167
3837.0,0.015652742414136167
3836.0,0.015697768020096703
3835.0,0.015922966097169144
3834.0,0.016238439713835096
3833.0,0.016509028184833463
3832.0,0.016644385668211692
3831.0,0.016599261819461697
3830.0,0.016509028184833463
3829.0,0.016554142658660398
3828.0,0.016644385668211692
3827.0,0.016689514205884493
3826.0,0.01646391839700767
3825.0,0.016058141016111804
3824.0,0.015697768020096703
3823.0,0.015697768020096703
3822.0,0.016013078034810446
3821.0,0.016103208673694303
3820.0,0.015697768020096703
3819.0,0.015427684378367834
3818.0,0.015742798294583915
3817.0,0.01632861713980338
3816.0,0.016734647433454652
3815.0,0.016689514205884493
3814.0,0.016599261819461697
3813.0,0.01677978535189717
3812.0,0.017005545341335804
3811.0,0.017050711425501408
3810.0,0.016915227262211507
3809.0,0.016870075265299933
3808.0,0.016960383953898095
3807.0,0.016960383953898095
3806.0,0.016554142658660398
3805.0,0.016103208673694303
3804.0,0.015922966097169144
3803.0,0.016148281008528276
3802.0,0.01646391839700767
3801.0,0.01646391839700767
3800.0,0.016148281008528276
3799.0,0.016148281008528276
3798.0,0.016509028184833463
3797.0,0.016915227262211507
3796.0,0.017050711425501408
3795.0,0.017050711425501408
3794.0,0.017141057687924732
3793.0,0.017367005605150476
3792.0,0.01759307113620534
3791.0,0.01768353030793479
3790.0,0.01759307113620534
3789.0,0.017457417697056554
3788.0,0.017321806616515723
3787.0,0.017321806616515723
3786.0,0.017367005605150476
3785.0,0.017367005605150476
3784.0,0.017231422748988034
3783.0,0.017050711425501408
3782.0,0.016915227262211507
3781.0,0.017005545341335804
3780.0,0.017231422748988034
3779.0,0.017367005605150476
3778.0,0.017367005605150476
3777.0,0.017367005605150476
3776.0,0.017457417697056554
3775.0,0.017502630802287644
3774.0,0.017412209298337533
3773.0,0.017186237868137555
3772.0,0.017050711425501408
3771.0,0.017050711425501408
3770.0,0.017050711425501408
3769.0,0.016960383953898095
3768.0,0.016915227262211507
3767.0,0.017050711425501408
3766.0,0.01727661233145472
3765.0,0.017367005605150476
3764.0,0.017231422748988034
3763.0,0.017005545341335804
3762.0,0.016870075265299933
3761.0,0.016824927962187042
3760.0,0.01677978535189717
3759.0,0.01677978535189717
3758.0,0.016644385668211692
3757.0,0.01646391839700767
3756.0,0.016238439713835096
3755.0,0.01596801972881945
3754.0,0.015607721475734415
3753.0,0.015427684378367834
3752.0,0.015562705203923999
3751.0,0.015832872853011715
3750.0,0.015742798294583915
3749.0,0.015427684378367834
3748.0,0.015247721884586563
3747.0,0.01538268676325183
3746.0,0.01578783323856614
3745.0,0.016238439713835096
3744.0,0.01628352608625061
3743.0,0.015922966097169144
3742.0,0.015922966097169144
3741.0,0.01628352608625061
3740.0,0.01632861713980338
3739.0,0.016013078034810446
3738.0,0.015607721475734415
3737.0,0.01538268676325183
3736.0,0.015427684378367834
3735.0,0.01547268665620738
3734.0,0.015517693597737248
3733.0,0.015652742414136167
3732.0,0.015832872853011715
3731.0,0.015922966097169144
3730.0,0.01596801972881945
3729.0,0.016058141016111804
3728.0,0.016148281008528276
3727.0,0.016238439713835096
3726.0,0.016193358021584725
3725.0,0.016148281008528276
3724.0,0.016193358021584725
3723.0,0.01632861713980338
3722.0,0.016509028184833463
3721.0,0.016644385668211692
3720.0,0.01677978535189717
3719.0,0.017005545341335804
3718.0,0.017141057687924732
3717.0,0.017186237868137555
3716.0,0.017050711425501408
3715.0,0.016870075265299933
3714.0,0.016689514205884493
3713.0,0.016599261819461697
3712.0,0.016689514205884493
3711.0,0.016734647433454652
3710.0,0.016599261819461697
3709.0,0.016599261819461697
3708.0,0.016734647433454652
3707.0,0.016960383953898095
3706.0,0.017050711425501408
3705.0,0.017095882207371904
3704.0,0.017095882207371904
3703.0,0.017186237868137555
3702.0,0.017231422748988034
3701.0,0.017186237868137555
3700.0,0.017095882207371904
3699.0,0.017141057687924732
3698.0,0.01727661233145472
3697.0,0.017412209298337533
3696.0,0.017412209298337533
3695.0,0.01727661233145472
3694.0,0.017095882207371904
3693.0,0.016870075265299933
3692.0,0.016734647433454652
3691.0,0.016824927962187042
3690.0,0.017095882207371904
3689.0,0.017321806616515723
3688.0,0.017412209298337533
3687.0,0.017502630802287644
3686.0,0.017864505196230507
3685.0,0.018226681372252695
3684.0,0.01845319495476394
3683.0,0.01845319495476394
3682.0,0.018362575344230914
3681.0,0.018226681372252695
3680.0,0.017955020928509757
3679.0,0.017547848615010242
3678.0,0.017186237868137555
3677.0,0.017231422748988034
3676.0,0.017547848615010242
3675.0,0.017502630802287644
3674.0,0.017095882207371904
3673.0,0.017050711425501408
3672.0,0.017502630802287644
3671.0,0.018181392829336396
3670.0,0.018770512579999288
3669.0,0.018861217359339655
3668.0,0.018815862601645694
3667.0,0.019042683770379876
3666.0,0.019451260640229506
3665.0,0.019723858922159776
3664.0,0.01990568621470623
3663.0,0.019996628416253603
3662.0,0.019996628416253603
3661.0,0.019860222254245663
3660.0,0.019723858922159776
3659.0,0.01958753839310856
3658.0,0.019632973815224997
3657.0,0.019769308608968306
3656.0,0.019769308608968306
3655.0,0.01949668180660491
3654.0,0.019133445417920836
3653.0,0.018770512579999288
3652.0,0.018362575344230914
3651.0,0.018136109008649592
3650.0,0.018362575344230914
3649.0,0.01858915983411169
3648.0,0.018725167293411005
3647.0,0.018906576854070378
3646.0,0.019315025636685412
3645.0,0.019814763052665052
3644.0,0.02026956933771462
3643.0,0.02058821736556471
3642.0,0.020770406977844713
3641.0,0.02081596632558158
3640.0,0.020861530453190058
3639.0,0.020907099361673565
3638.0,0.020907099361673565
3637.0,0.020861530453190058
3636.0,0.020770406977844713
3635.0,0.02067930261797568
3634.0,0.02045162529590483
3633.0,0.02013307743509718
3632.0,0.019769308608968306
3631.0,0.019678413991243593
3630.0,0.020087589665283012
3629.0,0.02058821736556471
3628.0,0.02058821736556471
3627.0,0.020406104151069693
3626.0,0.02058821736556471
3625.0,0.020952673052035298
3624.0,0.021089422824428272
3623.0,0.020952673052035298
3622.0,0.020724852408976924
3621.0,0.02058821736556471
3620.0,0.020542681902151694
3619.0,0.02045162529590483
3618.0,0.020315076172974234
3617.0,0.02026956933771462
3616.0,0.020406104151069693
3615.0,0.020724852408976924
3614.0,0.021089422824428272
3613.0,0.021271822861508305
3612.0,0.021317434843055594
3611.0,0.021317434843055594
3610.0,0.02140867317992523
3609.0,0.021636852916117055
3608.0,0.021819483062586187
3607.0,0.021865152601710403
3606.0,0.021819483062586187
3605.0,0.021773818325474092
3604.0,0.021728158389364705
3603.0,0.021728158389364705
3602.0,0.021773818325474092
3601.0,0.021773818325474092
3600.0,0.021728158389364705
3599.0,0.02159120737696063
3598.0,0.021545566634771474
3597.0,0.02159120737696063
3596.0,0.021773818325474092
3595.0,0.02200219004126036
3594.0,0.022230681908425698
3593.0,0.02227639471115217
3592.0,0.022230681908425698
3591.0,0.022093572362881675
3590.0,0.021956506090037076
3589.0,0.021956506090037076
3588.0,0.022139270735302752
3587.0,0.022322112326006227
3586.0,0.022367834754000393
3585.0,0.022505030926963654
3584.0,0.02282532397981263
3583.0,0.023191662661933732
3582.0,0.023466619608062178
3581.0,0.02365002099672653
3580.0,0.023741750742954926
3579.0,0.023787622882622816
3578.0,0.023741750742954926
3577.0,0.023741750742954926
3576.0,0.023787622882622816
3575.0,0.023879381700184332
3574.0,0.023971159908874107
3573.0,0.024017056287453542
3572.0,0.023925268380126097
3571.0,0.023695883447997224
3570.0,0.023466619608062178
3569.0,0.023283295636617574
3568.0,0.023329119375188556
3567.0,0.02355831062115543
3566.0,0.023741750742954926
3565.0,0.023971159908874107
3564.0,0.024292536462819925
3563.0,0.02461415101053266
3562.0,0.024890010313838973
3561.0,0.025074013910237447
3560.0,0.02516604495145991
3559.0,0.025258095499050004
3558.0,0.025304128090317013
3557.0,0.025350165561278004
3556.0,0.02539620791296726
3555.0,0.02544225514642018
3554.0,0.02553436426275746
3553.0,0.025672564576383117
3552.0,0.025718641122169483
3551.0,0.025718641122169483
3550.0,0.02562649291857677
3549.0,0.02562649291857677
3548.0,0.025718641122169483
3547.0,0.025902996205869
3546.0,0.026087429580295085
3545.0,0.02617967564731627
3544.0,0.02617967564731627
3543.0,0.026225806029419818
3542.0,0.026318081496016443
3541.0,0.02636422658259252
3540.0,0.026456531467510258
3539.0,0.026502691267936695
3538.0,0.02654885597506529
3537.0,0.02664120011360227
3536.0,0.026687379547098322
3535.0,0.026687379547098322
3534.0,0.02664120011360227
3533.0,0.026595025589939425
3532.0,0.02654885597506529
3531.0,0.026502691267936695
3530.0,0.026456531467510258
3529.0,0.026456531467510258
3528.0,0.026456531467510258
3527.0,0.026410376572743033
3526.0,0.02636422658259252
3525.0,0.02636422658259252
3524.0,0.026456531467510258
3523.0,0.02654885597506529
3522.0,0.026687379547098322
3521.0,0.02677975314776626
3520.0,0.026872146400301444
3519.0,0.02691835039863255
3518.0,0.026872146400301444
3517.0,0.02682594731702781
3516.0,0.02677975314776626
3515.0,0.02677975314776626
3514.0,0.02677975314776626
3513.0,0.02682594731702781
3512.0,0.02682594731702781
3511.0,0.026872146400301444
3510.0,0.02691835039863255
3509.0,0.02691835039863255
3508.0,0.026872146400301444
3507.0,0.02677975314776626
3506.0,0.02677975314776626
3505.0,0.026872146400301444
3504.0,0.027010773144651168
3503.0,0.027149444152769986
3502.0,0.027149444152769986
3501.0,0.027149444152769986
3500.0,0.027149444152769986
3499.0,0.02710321556345563
3498.0,0.02710321556345563
3497.0,0.02710321556345563
3496.0,0.027149444152769986
3495.0,0.027195677663422346
3494.0,0.027288159452933503
3493.0,0.027334407733889066
3492.0,0.027426919073445077
3491.0,0.027426919073445077
3490.0,0.027426919073445077
3489.0,0.02747318213414429
3488.0,0.02751945012352408
3487.0,0.027565723042634938
3486.0,0.027612000892527133
3485.0,0.027565723042634938
3484.0,0.027565723042634938
3483.0,0.027565723042634938
3482.0,0.027612000892527133
3481.0,0.027658283674251827
3480.0,0.027658283674251827
3479.0,0.027658283674251827
3478.0,0.027658283674251827
3477.0,0.027750864037404455
3476.0,0.027843464140506313
3475.0,0.027936083991977778
3474.0,0.02798240132598462
3473.0,0.028028723600243666
3472.0,0.028075050815808744
3471.0,0.028075050815808744
3470.0,0.028075050815808744
3469.0,0.02812138297373412
3468.0,0.028167720075074953
3467.0,0.028214062120885508
3466.0,0.02826040911222183
3465.0,0.02826040911222183
3464.0,0.02826040911222183
3463.0,0.028306761050139073
3462.0,0.028353117935693284
3461.0,0.02839947976994095
3460.0,0.028538594975413334
3459.0,0.02872415126189476
3458.0,0.02890978686288448
3457.0,0.029095501846216454
3456.0,0.029234840219232394
3455.0,0.02932775731028059
3454.0,0.029374223311705583
3453.0,0.029467170231675777
3452.0,0.029467170231675777
3451.0,0.029467170231675777
3450.0,0.02942069428514915
3449.0,0.029374223311705583
3448.0,0.02942069428514915
3447.0,0.029513651152349718
3446.0,0.029653123769906697
3445.0,0.029792641193145286
3444.0,0.029978734171634214
3443.0,0.030164906924202484
3442.0,0.03030458888152676
3441.0,0.030397735151460825
3440.0,0.030490901403433135
3439.0,0.030537492025363155
3438.0,0.03058408764601861
3437.0,0.03058408764601861
3436.0,0.03063068826647264
3435.0,0.0307239045110681
3434.0,0.03081714076773867
3433.0,0.030910397045078586
3432.0,0.031003673351687855
3431.0,0.03105031901865729
3430.0,0.031096969696171817
3429.0,0.031143625385307683
3428.0,0.031190286087141805
3427.0,0.031190286087141805
3426.0,0.031190286087141805
3425.0,0.031143625385307683
3424.0,0.031096969696171817
3423.0,0.03105031901865729
3422.0,0.031003673351687855
3421.0,0.030957032694186815
3420.0,0.030957032694186815
3419.0,0.030910397045078586
3418.0,0.030863766403287585
3417.0,0.03081714076773867
3416.0,0.0307239045110681
3415.0,0.03063068826647264
3414.0,0.030537492025363155
3413.0,0.030490901403433135
3412.0,0.030444315779156517
3411.0,0.030444315779156517
3410.0,0.030397735151460825
3409.0,0.03030458888152676
3408.0,0.03025802323714588
3407.0,0.030164906924202484
3406.0,0.030071810571884017
3405.0,0.029978734171634214
3404.0,0.029932203450862893
3403.0,0.029885677714903025
3402.0,0.029839156962686353
3401.0,0.029792641193145286
3400.0,0.029746130405213123
3399.0,0.02969962459782227
3398.0,0.02969962459782227
3397.0,0.029653123769906697
3396.0,0.02960662792039992
3395.0,0.02960662792039992
3394.0,0.029653123769906697
3393.0,0.029653123769906697
3392.0,0.02969962459782227
3391.0,0.02969962459782227
3390.0,0.02960662792039992
3389.0,0.029560137048236124
3388.0,0.029467170231675777
3387.0,0.02942069428514915
3386.0,0.02942069428514915
3385.0,0.02942069428514915
3384.0,0.029467170231675777
3383.0,0.029513651152349718
3382.0,0.029467170231675777
3381.0,0.029467170231675777
3380.0,0.02942069428514915
3379.0,0.029467170231675777
3378.0,0.029467170231675777
3377.0,0.029513651152349718
3376.0,0.02960662792039992
3375.0,0.029653123769906697
3374.0,0.02969962459782227
3373.0,0.02969962459782227
3372.0,0.02969962459782227
3371.0,0.029653123769906697
3370.0,0.029560137048236124
3369.0,0.029560137048236124
3368.0,0.029513651152349718
3367.0,0.029513651152349718
3366.0,0.029513651152349718
3365.0,0.029560137048236124
3364.0,0.029560137048236124
3363.0,0.029560137048236124
3362.0,0.029560137048236124
3361.0,0.029560137048236124
3360.0,0.029513651152349718
3359.0,0.029467170231675777
3358.0,0.02942069428514915
3357.0,0.02942069428514915
3356.0,0.029467170231675777
3355.0,0.029467170231675777
3354.0,0.029513651152349718
3353.0,0.029513651152349718
3352.0,0.029560137048236124
3351.0,0.029560137048236124
3350.0,0.029560137048236124
3349.0,0.029560137048236124
3348.0,0.029513651152349718
3347.0,0.029513651152349718
3346.0,0.029560137048236124
3345.0,0.02960662792039992
3344.0,0.029653123769906697
3343.0,0.02969962459782227
3342.0,0.029746130405213123
3341.0,0.029746130405213123
3340.0,0.029746130405213123
3339.0,0.02969962459782227
3338.0,0.029653123769906697
3337.0,0.029653123769906697
3336.0,0.029653123769906697
3335.0,0.02969962459782227
3334.0,0.02969962459782227
3333.0,0.02969962459782227
3332.0,0.029792641193145286
3331.0,0.029839156962686353
3330.0,0.029885677714903025
3329.0,0.029839156962686353
3328.0,0.029746130405213123
3327.0,0.02960662792039992
3326.0,0.029513651152349718
3325.0,0.02942069428514915
3324.0,0.029467170231675777
3323.0,0.029513651152349718
3322.0,0.029560137048236124
3321.0,0.02960662792039992
3320.0,0.02960662792039992
3319.0,0.029560137048236124
3318.0,0.029560137048236124
3317.0,0.029560137048236124
3316.0,0.029560137048236124
3315.0,0.029560137048236124
3314.0,0.029513651152349718
3313.0,0.02942069428514915
3312.0,0.029374223311705583
3311.0,0.02932775731028059
3310.0,0.029374223311705583
3309.0,0.02942069428514915
3308.0,0.029513651152349718
3307.0,0.029513651152349718
3306.0,0.029513651152349718
3305.0,0.029513651152349718
3304.0,0.029467170231675777
3303.0,0.029467170231675777
3302.0,0.02942069428514915
3301.0,0.029374223311705583
3300.0,0.029374223311705583
3299.0,0.02932775731028059
3298.0,0.02932775731028059
3297.0,0.02932775731028059
3296.0,0.02932775731028059
3295.0,0.029374223311705583
3294.0,0.029467170231675777
3293.0,0.029513651152349718
3292.0,0.029560137048236124
3291.0,0.029513651152349718
3290.0,0.02942069428514915
3289.0,0.02932775731028059
3288.0,0.029281296279810798
3287.0,0.029234840219232394
3286.0,0.029234840219232394
3285.0,0.029234840219232394
3284.0,0.029234840219232394
3283.0,0.029281296279810798
3282.0,0.029281296279810798
3281.0,0.029234840219232394
3280.0,0.029188389127482228
3279.0,0.029141943003497595
3278.0,0.029095501846216454
3277.0,0.02904906565457588
3276.0,0.02904906565457588
3275.0,0.029095501846216454
3274.0,0.029095501846216454
3273.0,0.02904906565457588
3272.0,0.029002634427514717
3271.0,0.028956208163971375
3270.0,0.02890978686288448
3269.0,0.028956208163971375
3268.0,0.029002634427514717
3267.0,0.029095501846216454
3266.0,0.029141943003497595
3265.0,0.029141943003497595
3264.0,0.02904906565457588
3263.0,0.02890978686288448
3262.0,0.028770552723758724
3261.0,0.02872415126189476
3260.0,0.028770552723758724
3259.0,0.028816959143838528
3258.0,0.028863370523193765
3257.0,0.028863370523193765
3256.0,0.028863370523193765
3255.0,0.028816959143838528
3254.0,0.028770552723758724
3253.0,0.028677754757187035
3252.0,0.028677754757187035
3251.0,0.02863136320857662
3250.0,0.02863136320857662
3249.0,0.02858497661500481
3248.0,0.028538594975413334
3247.0,0.02849221828874393
3246.0,0.028445846553939003
3245.0,0.02839947976994095
3244.0,0.02839947976994095
3243.0,0.02849221828874393
3242.0,0.02863136320857662
3241.0,0.02872415126189476
3240.0,0.028770552723758724
3239.0,0.02872415126189476
3238.0,0.02863136320857662
3237.0,0.02858497661500481
3236.0,0.028538594975413334
3235.0,0.028538594975413334
3234.0,0.028538594975413334
3233.0,0.028538594975413334
3232.0,0.028538594975413334
3231.0,0.028538594975413334
3230.0,0.028538594975413334
3229.0,0.028538594975413334
3228.0,0.028538594975413334
3227.0,0.02858497661500481
3226.0,0.028538594975413334
3225.0,0.02849221828874393
3224.0,0.02839947976994095
3223.0,0.028353117935693284
3222.0,0.02826040911222183
3221.0,0.028214062120885508
3220.0,0.028214062120885508
3219.0,0.028167720075074953
3218.0,0.02812138297373412
3217.0,0.028075050815808744
3216.0,0.028028723600243666
3215.0,0.028028723600243666
3214.0,0.028028723600243666
3213.0,0.028028723600243666
3212.0,0.028028723600243666
3211.0,0.02798240132598462
3210.0,0.027936083991977778
3209.0,0.027843464140506313
3208.0,0.027750864037404455
3207.0,0.0277045713888604
3206.0,0.0277045713888604
3205.0,0.0277045713888604
3204.0,0.027750864037404455
3203.0,0.027750864037404455
3202.0,0.027750864037404455
3201.0,0.027658283674251827
3200.0,0.027612000892527133
3199.0,0.027565723042634938
3198.0,0.02751945012352408
3197.0,0.02751945012352408
3196.0,0.02751945012352408
3195.0,0.02747318213414429
3194.0,0.02751945012352408
3193.0,0.02751945012352408
3192.0,0.027565723042634938
3191.0,0.027565723042634938
3190.0,0.02751945012352408
3189.0,0.02751945012352408
3188.0,0.02751945012352408
3187.0,0.02747318213414429
3186.0,0.027426919073445077
3185.0,0.027426919073445077
3184.0,0.02738066094037661
3183.0,0.02738066094037661
3182.0,0.027334407733889066
3181.0,0.027288159452933503
3180.0,0.027195677663422346
3179.0,0.027149444152769986
3178.0,0.02710321556345563
3177.0,0.02710321556345563
3176.0,0.027056991894431892
3175.0,0.027010773144651168
3174.0,0.02696455931306696
3173.0,0.02696455931306696
3172.0,0.02696455931306696
3171.0,0.027056991894431892
3170.0,0.02710321556345563
3169.0,0.027056991894431892
3168.0,0.02696455931306696
3167.0,0.026872146400301444
3166.0,0.026733563891471412
3165.0,0.026687379547098322
3164.0,0.02664120011360227
3163.0,0.026687379547098322
3162.0,0.026733563891471412
3161.0,0.026733563891471412
3160.0,0.026733563891471412
3159.0,0.026733563891471412
3158.0,0.026687379547098322
3157.0,0.02664120011360227
3156.0,0.026595025589939425
3155.0,0.02654885597506529
3154.0,0.02654885597506529
3153.0,0.02664120011360227
3152.0,0.026687379547098322
3151.0,0.026687379547098322
3150.0,0.026687379547098322
3149.0,0.02664120011360227
3148.0,0.026595025589939425
3147.0,0.026502691267936695
3146.0,0.026410376572743033
3145.0,0.026410376572743033
3144.0,0.026410376572743033
3143.0,0.026456531467510258
3142.0,0.026456531467510258
3141.0,0.026456531467510258
3140.0,0.026456531467510258
3139.0,0.026456531467510258
3138.0,0.026456531467510258
3137.0,0.026502691267936695
3136.0,0.026595025589939425
3135.0,0.026687379547098322
3134.0,0.026733563891471412
3133.0,0.02677975314776626
3132.0,0.02677975314776626
3131.0,0.02677975314776626
3130.0,0.02677975314776626
3129.0,0.02677975314776626
3128.0,0.02677975314776626
3127.0,0.026733563891471412
3126.0,0.02664120011360227
3125.0,0.026595025589939425
3124.0,0.026595025589939425
3123.0,0.02664120011360227
3122.0,0.02664120011360227
3121.0,0.026595025589939425
3120.0,0.02654885597506529
3119.0,0.026456531467510258
3118.0,0.026456531467510258
3117.0,0.026502691267936695
3116.0,0.02664120011360227
3115.0,0.02677975314776626
3114.0,0.026872146400301444
3113.0,0.02696455931306696
3112.0,0.027010773144651168
3111.0,0.02710321556345563
3110.0,0.027149444152769986
3109.0,0.02724191609646076
3108.0,0.027334407733889066
3107.0,0.027426919073445077
3106.0,0.02751945012352408
3105.0,0.027565723042634938
3104.0,0.027565723042634938
3103.0,0.02751945012352408
3102.0,0.027426919073445077
3101.0,0.027334407733889066
3100.0,0.027195677663422346
3099.0,0.027056991894431892
3098.0,0.02691835039863255
3097.0,0.026872146400301444
3096.0,0.026872146400301444
3095.0,0.026872146400301444
3094.0,0.02691835039863255
3093.0,0.02691835039863255
3092.0,0.02696455931306696
3091.0,0.027010773144651168
3090.0,0.027056991894431892
3089.0,0.027149444152769986
3088.0,0.027195677663422346
3087.0,0.027334407733889066
3086.0,0.027426919073445077
3085.0,0.027565723042634938
3084.0,0.0277045713888604
3083.0,0.027797161620935595
3082.0,0.027843464140506313
3081.0,0.027843464140506313
3080.0,0.027843464140506313
3079.0,0.027843464140506313
3078.0,0.027797161620935595
3077.0,0.027750864037404455
3076.0,0.0277045713888604
3075.0,0.0277045713888604
3074.0,0.0277045713888604
3073.0,0.027750864037404455
3072.0,0.027797161620935595
3071.0,0.027797161620935595
3070.0,0.027797161620935595
3069.0,0.027797161620935595
3068.0,0.027797161620935595
3067.0,0.027750864037404455
3066.0,0.027750864037404455
3065.0,0.0277045713888604
3064.0,0.027658283674251827
3063.0,0.027612000892527133
3062.0,0.027565723042634938
3061.0,0.027565723042634938
3060.0,0.027658283674251827
3059.0,0.027750864037404455
3058.0,0.027843464140506313
3057.0,0.027936083991977778
3056.0,0.028028723600243666
3055.0,0.028028723600243666
3054.0,0.02798240132598462
3053.0,0.027936083991977778
3052.0,0.027843464140506313
3051.0,0.0277045713888604
3050.0,0.02747318213414429
3049.0,0.027195677663422346
3048.0,0.026872146400301444
3047.0,0.026595025589939425
3046.0,0.026271941311972746
3045.0,0.026041313893296225
3044.0,0.025856900097785074
3043.0,0.025672564576383117
3042.0,0.02558042614771394
3041.0,0.025488307262671706
3040.0,0.025488307262671706
3039.0,0.02544225514642018
3038.0,0.025350165561278004
3037.0,0.025304128090317013
3036.0,0.025304128090317013
3035.0,0.025304128090317013
3034.0,0.025350165561278004
3033.0,0.025304128090317013
3032.0,0.025304128090317013
3031.0,0.025350165561278004
3030.0,0.02544225514642018
3029.0,0.02544225514642018
3028.0,0.025488307262671706
3027.0,0.025488307262671706
3026.0,0.02553436426275746
3025.0,0.02558042614771394
3024.0,0.025672564576383117
3023.0,0.025764722556973707
3022.0,0.025856900097785074
3021.0,0.025995203102585407
3020.0,0.02613355016462182
3019.0,0.026271941311972746
3018.0,0.026410376572743033
3017.0,0.026456531467510258
3016.0,0.02654885597506529
3015.0,0.026595025589939425
3014.0,0.026733563891471412
3013.0,0.026872146400301444
3012.0,0.02710321556345563
3011.0,0.027288159452933503
3010.0,0.02747318213414429
3009.0,0.027565723042634938
3008.0,0.0277045713888604
3007.0,0.027797161620935595
3006.0,0.027936083991977778
3005.0,0.02812138297373412
3004.0,0.02826040911222183
3003.0,0.02839947976994095
3002.0,0.028538594975413334
3001.0,0.02863136320857662
3000.0,0.028770552723758724
2999.0,0.02890978686288448
2998.0,0.02904906565457588
2997.0,0.029188389127482228
2996.0,0.02932775731028059
2995.0,0.02942069428514915
2994.0,0.029560137048236124
2993.0,0.02969962459782227
2992.0,0.029885677714903025
2991.0,0.030118356253500123
2990.0,0.030397735151460825
2989.0,0.03063068826647264
2988.0,0.030863766403287585
2987.0,0.031143625385307683
2986.0,0.03133029827960798
2985.0,0.03151705144606498
2984.0,0.03170388495374454
2983.0,0.03193753992355086
2982.0,0.032218091924200776
2981.0,0.03249882527715853
2980.0,0.032873418923587305
2979.0,0.033295223342125535
2978.0,0.03371743783253667
2977.0,0.03414006319292828
2976.0,0.034516075754861264
2975.0,0.0349394793888016
2974.0,0.03526907894637077
2973.0,0.035646070707806565
2972.0,0.03602339000339416
2971.0,0.03644826642590382
2970.0,0.03692083935817303
2969.0,0.03744126420403626
2968.0,0.03796231343498735
2967.0,0.038436537637930535
2966.0,0.03886378261277468
2965.0,0.03924390909822728
2964.0,0.03962436858984186
2963.0,0.03995754427315856
2962.0,0.040243327009005014
2961.0,0.040481623027001756
2960.0,0.04062466342415694
2959.0,0.04072004986906119
2958.0,0.04072004986906119
2957.0,0.04062466342415694
2956.0,0.04043395336207234
2955.0,0.040243327009005014
2954.0,0.03995754427315856
2953.0,0.03962436858984186
2952.0,0.03929144831144349
2951.0,0.038816290187564384
2950.0,0.03829421599749461
2949.0,0.03772539537668518
2948.0,0.03720463014276687
2947.0,0.03663723389626394
2946.0,0.03602339000339416
2945.0,0.03545753392086315
2944.0,0.03489241415094413
2943.0,0.03442204208947208
2942.0,0.033952178923546183
2941.0,0.033482823553208085
2940.0,0.03301397488206215
2939.0,0.032592443402527316
2938.0,0.032218091924200776
2937.0,0.03193753992355086
2936.0,0.031657169041054534
2935.0,0.03142366482450232
2934.0,0.031190286087141805
2933.0,0.031003673351687855
2932.0,0.030863766403287585
2931.0,0.0307239045110681
2930.0,0.03058408764601861
2929.0,0.030537492025363155
2928.0,0.030490901403433135
2927.0,0.030444315779156517
2926.0,0.030444315779156517
2925.0,0.030397735151460825
2924.0,0.03030458888152676
2923.0,0.030211462585061133
2922.0,0.030118356253500123
2921.0,0.029978734171634214
2920.0,0.029839156962686353
2919.0,0.029746130405213123
2918.0,0.02969962459782227
2917.0,0.02969962459782227
2916.0,0.029746130405213123
2915.0,0.029746130405213123
2914.0,0.029746130405213123
2913.0,0.02969962459782227
2912.0,0.02969962459782227
2911.0,0.029746130405213123
2910.0,0.029792641193145286
2909.0,0.029792641193145286
2908.0,0.029792641193145286
2907.0,0.029792641193145286
2906.0,0.029839156962686353
2905.0,0.029839156962686353
2904.0,0.029885677714903025
2903.0,0.029932203450862893
2902.0,0.03002526987828502
2901.0,0.030118356253500123
2900.0,0.030164906924202484
2899.0,0.030164906924202484
2898.0,0.030164906924202484
2897.0,0.030164906924202484
2896.0,0.030211462585061133
2895.0,0.03030458888152676
2894.0,0.030397735151460825
2893.0,0.030444315779156517
2892.0,0.030490901403433135
2891.0,0.030537492025363155
2890.0,0.03058408764601861
2889.0,0.03058408764601861
2888.0,0.030537492025363155
2887.0,0.030490901403433135
2886.0,0.030397735151460825
2885.0,0.03025802323714588
2884.0,0.030164906924202484
2883.0,0.030118356253500123
2882.0,0.030071810571884017
2881.0,0.029978734171634214
2880.0,0.029839156962686353
2879.0,0.029653123769906697
2878.0,0.029467170231675777
2877.0,0.02932775731028059
2876.0,0.029188389127482228
2875.0,0.029095501846216454
2874.0,0.02904906565457588
2873.0,0.029002634427514717
2872.0,0.02890978686288448
2871.0,0.028816959143838528
2870.0,0.028677754757187035
2869.0,0.02858497661500481
2868.0,0.02849221828874393
2867.0,0.028445846553939003
2866.0,0.02839947976994095
2865.0,0.028353117935693284
2864.0,0.028353117935693284
2863.0,0.028306761050139073
2862.0,0.02826040911222183
2861.0,0.02826040911222183
2860.0,0.028214062120885508
2859.0,0.02812138297373412
2858.0,0.028028723600243666
2857.0,0.027936083991977778
2856.0,0.027843464140506313
2855.0,0.027843464140506313
2854.0,0.027750864037404455
2853.0,0.0277045713888604
2852.0,0.027565723042634938
2851.0,0.027426919073445077
2850.0,0.02724191609646076
2849.0,0.027010773144651168
2848.0,0.02677975314776626
2847.0,0.026595025589939425
2846.0,0.026410376572743033
2845.0,0.026271941311972746
2844.0,0.02613355016462182
2843.0,0.026041313893296225
2842.0,0.025902996205869
2841.0,0.025764722556973707
2840.0,0.025672564576383117
2839.0,0.02562649291857677
2838.0,0.02553436426275746
2837.0,0.025488307262671706
2836.0,0.02544225514642018
2835.0,0.02539620791296726
2834.0,0.025350165561278004
2833.0,0.025304128090317013
2832.0,0.025258095499050004
2831.0,0.02516604495145991
2830.0,0.025074013910237447
2829.0,0.02498200236711723
2828.0,0.024936003904763915
2827.0,0.024890010313838973
2826.0,0.024890010313838973
2825.0,0.024890010313838973
2824.0,0.02484402159331056
2823.0,0.024798037742147727
2822.0,0.024706084643793647
2821.0,0.024660115394541604
2820.0,0.02461415101053266
2819.0,0.02461415101053266
2818.0,0.02461415101053266
2817.0,0.02461415101053266
2816.0,0.024568191490736968
2815.0,0.024522236834125355
2814.0,0.024476287039668643
2813.0,0.024430342106337877
2812.0,0.02438440203310499
2811.0,0.02438440203310499
2810.0,0.02438440203310499
2809.0,0.02438440203310499
2808.0,0.02438440203310499
2807.0,0.024430342106337877
2806.0,0.024476287039668643
2805.0,0.024476287039668643
2804.0,0.024476287039668643
2803.0,0.024430342106337877
2802.0,0.02438440203310499
2801.0,0.024338466818941473
2800.0,0.024292536462819925
2799.0,0.024292536462819925
2798.0,0.024246610963712723
2797.0,0.024154774532432866
2796.0,0.024108863598207186
2795.0,0.024017056287453542
2794.0,0.023971159908874107
2793.0,0.023925268380126097
2792.0,0.023925268380126097
2791.0,0.023925268380126097
2790.0,0.023925268380126097
2789.0,0.023833499868024743
2788.0,0.023787622882622816
2787.0,0.023741750742954926
2786.0,0.023695883447997224
2785.0,0.023695883447997224
2784.0,0.023695883447997224
2783.0,0.023695883447997224
2782.0,0.023695883447997224
2781.0,0.02365002099672653
2780.0,0.02365002099672653
2779.0,0.02365002099672653
2778.0,0.023695883447997224
2777.0,0.023695883447997224
2776.0,0.02365002099672653
2775.0,0.02355831062115543
2774.0,0.02351246269481
2773.0,0.023466619608062178
2772.0,0.02351246269481
2771.0,0.02351246269481
2770.0,0.02351246269481
2769.0,0.02351246269481
2768.0,0.023466619608062178
2767.0,0.023466619608062178
2766.0,0.02342078135989012
2765.0,0.02342078135989012
2764.0,0.02342078135989012
2763.0,0.023466619608062178
2762.0,0.023466619608062178
2761.0,0.023466619608062178
2760.0,0.023466619608062178
2759.0,0.02342078135989012
2758.0,0.02342078135989012
2757.0,0.023374947949272418
2756.0,0.023374947949272418
2755.0,0.023374947949272418
2754.0,0.023329119375188556
2753.0,0.023329119375188556
2752.0,0.023283295636617574
2751.0,0.023283295636617574
2750.0,0.023283295636617574
2749.0,0.023237476732539397
2748.0,0.023191662661933732
2747.0,0.02314585342378117
2746.0,0.023100049017062307
2745.0,0.023054249440757957
2744.0,0.023054249440757957
2743.0,0.02300845469384938
2742.0,0.02296266477531872
2741.0,0.02291687968414724
2740.0,0.02291687968414724
2739.0,0.02291687968414724
2738.0,0.02291687968414724
2737.0,0.02296266477531872
2736.0,0.02296266477531872
2735.0,0.02296266477531872
2734.0,0.02291687968414724
2733.0,0.022871099419317753
2732.0,0.02282532397981263
2731.0,0.02282532397981263
2730.0,0.02277955336461468
2729.0,0.022733787572707387
2728.0,0.022688026603074007
2727.0,0.022642270454698687
2726.0,0.02259651912656535
2725.0,0.02259651912656535
2724.0,0.02255077261765881
2723.0,0.022505030926963654
2722.0,0.02245929405346514
2721.0,0.022413561996148967
2720.0,0.02245929405346514
2719.0,0.02245929405346514
2718.0,0.022505030926963654
2717.0,0.022505030926963654
2716.0,0.022505030926963654
2715.0,0.02245929405346514
2714.0,0.022413561996148967
2713.0,0.022322112326006227
2712.0,0.022322112326006227
2711.0,0.02227639471115217
2710.0,0.02227639471115217
2709.0,0.022230681908425698
2708.0,0.022230681908425698
2707.0,0.0221849739168134
2706.0,0.0221849739168134
2705.0,0.022230681908425698
2704.0,0.022230681908425698
2703.0,0.022230681908425698
2702.0,0.022230681908425698
2701.0,0.0221849739168134
2700.0,0.0221849739168134
2699.0,0.022139270735302752
2698.0,0.022139270735302752
2697.0,0.02204787879853809
2696.0,0.02204787879853809
2695.0,0.02204787879853809
2694.0,0.02204787879853809
2693.0,0.022093572362881675
2692.0,0.022093572362881675
2691.0,0.022093572362881675
2690.0,0.02204787879853809
2689.0,0.02200219004126036
2688.0,0.021956506090037076
2687.0,0.021956506090037076
2686.0,0.021956506090037076
2685.0,0.021956506090037076
2684.0,0.021956506090037076
2683.0,0.021865152601710403
2682.0,0.021819483062586187
2681.0,0.021819483062586187
2680.0,0.021819483062586187
2679.0,0.021865152601710403
2678.0,0.021865152601710403
2677.0,0.021865152601710403
2676.0,0.021865152601710403
2675.0,0.021819483062586187
2674.0,0.021773818325474092
2673.0,0.021773818325474092
2672.0,0.021773818325474092
2671.0,0.021773818325474092
2670.0,0.021773818325474092
2669.0,0.021773818325474092
2668.0,0.021773818325474092
2667.0,0.021728158389364705
2666.0,0.021728158389364705
2665.0,0.02168250325324883
2664.0,0.021636852916117055
2663.0,0.02159120737696063
2662.0,0.02159120737696063
2661.0,0.021636852916117055
2660.0,0.021636852916117055
2659.0,0.021636852916117055
2658.0,0.02159120737696063
2657.0,0.021545566634771474
2656.0,0.021499930688540836
2655.0,0.021545566634771474
2654.0,0.02159120737696063
2653.0,0.021636852916117055
2652.0,0.021636852916117055
2651.0,0.021636852916117055
2650.0,0.02159120737696063
2649.0,0.021545566634771474
2648.0,0.021545566634771474
2647.0,0.021545566634771474
2646.0,0.021545566634771474
2645.0,0.021545566634771474
2644.0,0.02159120737696063
2643.0,0.02159120737696063
2642.0,0.021545566634771474
2641.0,0.021545566634771474
2640.0,0.021545566634771474
2639.0,0.021545566634771474
2638.0,0.02159120737696063
2637.0,0.021636852916117055
2636.0,0.02168250325324883
2635.0,0.02168250325324883
2634.0,0.02168250325324883
2633.0,0.021636852916117055
2632.0,0.021636852916117055
2631.0,0.021636852916117055
2630.0,0.021636852916117055
2629.0,0.021636852916117055
2628.0,0.021636852916117055
2627.0,0.021636852916117055
2626.0,0.02168250325324883
2625.0,0.02168250325324883
2624.0,0.021636852916117055
2623.0,0.021636852916117055
2622.0,0.021636852916117055
2621.0,0.02159120737696063
2620.0,0.021545566634771474
2619.0,0.021545566634771474
2618.0,0.021499930688540836
2617.0,0.021499930688540836
2616.0,0.021499930688540836
2615.0,0.021499930688540836
2614.0,0.0214542995372613
2613.0,0.02140867317992523
2612.0,0.021363051615525652
2611.0,0.021317434843055594
2610.0,0.021271822861508305
2609.0,0.02122621566987748
2608.0,0.02122621566987748
2607.0,0.021271822861508305
2606.0,0.021317434843055594
2605.0,0.021363051615525652
2604.0,0.021363051615525652
2603.0,0.021317434843055594
2602.0,0.021271822861508305
2601.0,0.02122621566987748
2600.0,0.0211806132671577
2599.0,0.021135015652343103
2598.0,0.0211806132671577
2597.0,0.021271822861508305
2596.0,0.02140867317992523
2595.0,0.0214542995372613
2594.0,0.0214542995372613
2593.0,0.0214542995372613
2592.0,0.02140867317992523
2591.0,0.0214542995372613
2590.0,0.0214542995372613
2589.0,0.0214542995372613
2588.0,0.021363051615525652
2587.0,0.021317434843055594
2586.0,0.021271822861508305
2585.0,0.021317434843055594
2584.0,0.021363051615525652
2583.0,0.0214542995372613
2582.0,0.021499930688540836
2581.0,0.02159120737696063
2580.0,0.02159120737696063
2579.0,0.02159120737696063
2578.0,0.021545566634771474
2577.0,0.021545566634771474
2576.0,0.021545566634771474
2575.0,0.021545566634771474
2574.0,0.021499930688540836
2573.0,0.0214542995372613
2572.0,0.02140867317992523
2571.0,0.021363051615525652
2570.0,0.021363051615525652
2569.0,0.02140867317992523
2568.0,0.0214542995372613
2567.0,0.021499930688540836
2566.0,0.021499930688540836
2565.0,0.0214542995372613
2564.0,0.0214542995372613
2563.0,0.0214542995372613
2562.0,0.021499930688540836
2561.0,0.021545566634771474
2560.0,0.021545566634771474
2559.0,0.021545566634771474
2558.0,0.021499930688540836
2557.0,0.0214542995372613
2556.0,0.021363051615525652
2555.0,0.021317434843055594
2554.0,0.021271822861508305
2553.0,0.021271822861508305
2552.0,0.021317434843055594
2551.0,0.021317434843055594
2550.0,0.021363051615525652
2549.0,0.021363051615525652
2548.0,0.021363051615525652
2547.0,0.021363051615525652
2546.0,0.021363051615525652
2545.0,0.02140867317992523
2544.0,0.0214542995372613
2543.0,0.0214542995372613
2542.0,0.02140867317992523
2541.0,0.021363051615525652
2540.0,0.021317434843055594
2539.0,0.021317434843055594
2538.0,0.021317434843055594
2537.0,0.021317434843055594
2536.0,0.021317434843055594
2535.0,0.021317434843055594
2534.0,0.021271822861508305
2533.0,0.021271822861508305
2532.0,0.021317434843055594
2531.0,0.021317434843055594
2530.0,0.021317434843055594
2529.0,0.021317434843055594
2528.0,0.021317434843055594
2527.0,0.021317434843055594
2526.0,0.021363051615525652
2525.0,0.021317434843055594
2524.0,0.021271822861508305
2523.0,0.02122621566987748
2522.0,0.0211806132671577
2521.0,0.0211806132671577
2520.0,0.0211806132671577
2519.0,0.0211806132671577
2518.0,0.021135015652343103
2517.0,0.021089422824428272
2516.0,0.021043834782408455
2515.0,0.021043834782408455
2514.0,0.021043834782408455
2513.0,0.021043834782408455
2512.0,0.021043834782408455
2511.0,0.021043834782408455
2510.0,0.021043834782408455
2509.0,0.021043834782408455
2508.0,0.0209982515252789
2507.0,0.020952673052035298
2506.0,0.020861530453190058
2505.0,0.020861530453190058
2504.0,0.020861530453190058
2503.0,0.020907099361673565
2502.0,0.020952673052035298
2501.0,0.020952673052035298
2500.0,0.020907099361673565
2499.0,0.020907099361673565
2498.0,0.020861530453190058
2497.0,0.020861530453190058
2496.0,0.02081596632558158
2495.0,0.020724852408976924
2494.0,0.020633757603838898
2493.0,0.020542681902151694
2492.0,0.020497151212598652
2491.0,0.020497151212598652
2490.0,0.020542681902151694
2489.0,0.020542681902151694
2488.0,0.02058821736556471
2487.0,0.020542681902151694
2486.0,0.020497151212598652
2485.0,0.02045162529590483
2484.0,0.020406104151069693
2483.0,0.020406104151069693
2482.0,0.02036058777709271
2481.0,0.020315076172974234
2480.0,0.02026956933771462
2479.0,0.02022406727031445
2478.0,0.02022406727031445
2477.0,0.02022406727031445
2476.0,0.02022406727031445
2475.0,0.020178569969774962
2474.0,0.02013307743509718
2473.0,0.020087589665283012
2472.0,0.02004210665933459
2471.0,0.019996628416253603
2470.0,0.019996628416253603
2469.0,0.01995115493504329
2468.0,0.01990568621470623
2467.0,0.01995115493504329
2466.0,0.01995115493504329
2465.0,0.019996628416253603
2464.0,0.02004210665933459
2463.0,0.02004210665933459
2462.0,0.019996628416253603
2461.0,0.019996628416253603
2460.0,0.01995115493504329
2459.0,0.01990568621470623
2458.0,0.019860222254245663
2457.0,0.019814763052665052
2456.0,0.019769308608968306
2455.0,0.019814763052665052
2454.0,0.019814763052665052
2453.0,0.019814763052665052
2452.0,0.019769308608968306
2451.0,0.019723858922159776
2450.0,0.019723858922159776
2449.0,0.019723858922159776
2448.0,0.019769308608968306
2447.0,0.019769308608968306
2446.0,0.019769308608968306
2445.0,0.019723858922159776
2444.0,0.019723858922159776
2443.0,0.019723858922159776
2442.0,0.019723858922159776
2441.0,0.019678413991243593
2440.0,0.019678413991243593
2439.0,0.019678413991243593
2438.0,0.019678413991243593
2437.0,0.019723858922159776
2436.0,0.019769308608968306
2435.0,0.019814763052665052
2434.0,0.019814763052665052
2433.0,0.019814763052665052
2432.0,0.019769308608968306
2431.0,0.019769308608968306
2430.0,0.019814763052665052
2429.0,0.019860222254245663
2428.0,0.01990568621470623
2427.0,0.01990568621470623
2426.0,0.01990568621470623
2425.0,0.01990568621470623
2424.0,0.01990568621470623
2423.0,0.01995115493504329
2422.0,0.01995115493504329
2421.0,0.01995115493504329
2420.0,0.01995115493504329
2419.0,0.01995115493504329
2418.0,0.01990568621470623
2417.0,0.01990568621470623
2416.0,0.01990568621470623
2415.0,0.01990568621470623
2414.0,0.01995115493504329
2413.0,0.01995115493504329
2412.0,0.01995115493504329
2411.0,0.01995115493504329
2410.0,0.019996628416253603
2409.0,0.02004210665933459
2408.0,0.020087589665283012
2407.0,0.020178569969774962
2406.0,0.02022406727031445
2405.0,0.020178569969774962
2404.0,0.02013307743509718
2403.0,0.020087589665283012
2402.0,0.020087589665283012
2401.0,0.020087589665283012
2400.0,0.02013307743509718
2399.0,0.020178569969774962
2398.0,0.02026956933771462
2397.0,0.020315076172974234
2396.0,0.02036058777709271
2395.0,0.02036058777709271
2394.0,0.02036058777709271
2393.0,0.02036058777709271
2392.0,0.02036058777709271
2391.0,0.02036058777709271
2390.0,0.02036058777709271
2389.0,0.020315076172974234
2388.0,0.02022406727031445
2387.0,0.02013307743509718
2386.0,0.019996628416253603
2385.0,0.019814763052665052
2384.0,0.01958753839310856
2383.0,0.019360432556262852
2382.0,0.0190880622231564
2381.0,0.018725167293411005
2380.0,0.01831727262871463
2379.0,0.017955020928509757
2378.0,0.017547848615010242
2377.0,0.01727661233145472
2376.0,0.017050711425501408
2375.0,0.017005545341335804
2374.0,0.017050711425501408
2373.0,0.01727661233145472
2372.0,0.017638298366853045
2371.0,0.01800028587012159
2370.0,0.017955020928509757
2369.0,0.017367005605150476
2368.0,0.016689514205884493
2367.0,0.016599261819461697
2366.0,0.017412209298337533
2365.0,0.018770512579999288
2364.0,0.020406104151069693
2363.0,0.021636852916117055
2362.0,0.021865152601710403
2361.0,0.021271822861508305
2360.0,0.020861530453190058
2359.0,0.02036058777709271
2358.0,0.01840788278591865
2357.0,0.015247721884586563
2356.0,0.012780770091995297
2355.0,0.011887159731648111
2354.0,0.0119764380713403
2353.0,0.012199714248127602
2352.0,0.012378417874516323
2351.0,0.012870232340102872
2350.0,0.01372104409400876
2349.0,0.01452861671041239
2348.0,0.014888020460646079
2347.0,0.014798141635428141
2346.0,0.014618439768003144
2345.0,0.014438812226654996
2344.0,0.014349026309051105
2343.0,0.014438812226654996
2342.0,0.014304140310157809
2341.0,0.01385553528947936
2340.0,0.013317820220494436
2339.0,0.013004460275618523
2338.0,0.01264661126420652
2337.0,0.01215504982870197
2336.0,0.011708658092512314
2335.0,0.011441043121384498
2334.0,0.011351874764248926
2333.0,0.011396456654336085
2332.0,0.011664044143949504
2331.0,0.012110390002254778
2330.0,0.01264661126420652
2329.0,0.013138729709955221
2328.0,0.01385553528947936
2327.0,0.014618439768003144
2326.0,0.015067833932588037
2325.0,0.015022873584506602
2324.0,0.014798141635428141
2323.0,0.014753209197138295
2322.0,0.014888020460646079
2321.0,0.015202742910707112
2320.0,0.015607721475734415
2319.0,0.01596801972881945
2318.0,0.016238439713835096
2317.0,0.016373712875465518
2316.0,0.016554142658660398
2315.0,0.016689514205884493
2314.0,0.016689514205884493
2313.0,0.016554142658660398
2312.0,0.016373712875465518
2311.0,0.01628352608625061
2310.0,0.01628352608625061
2309.0,0.016373712875465518
2308.0,0.016554142658660398
2307.0,0.016734647433454652
2306.0,0.016870075265299933
2305.0,0.017005545341335804
2304.0,0.017095882207371904
2303.0,0.017186237868137555
2302.0,0.01727661233145472
2301.0,0.01727661233145472
2300.0,0.017321806616515723
2299.0,0.017412209298337533
2298.0,0.017547848615010242
2297.0,0.017728766960431575
2296.0,0.017909760704207134
2295.0,0.01809082990920774
2294.0,0.018181392829336396
2293.0,0.018271974638383703
2292.0,0.01831727262871463
2291.0,0.018362575344230914
2290.0,0.018498511851753108
2289.0,0.01858915983411169
2288.0,0.018725167293411005
2287.0,0.018861217359339655
2286.0,0.018951941086827073
2285.0,0.01899731005860028
2284.0,0.019042683770379876
2283.0,0.01899731005860028
2282.0,0.018951941086827073
2281.0,0.018861217359339655
2280.0,0.018770512579999288
2279.0,0.018634490921455527
2278.0,0.018543833477873584
2277.0,0.01845319495476394
2276.0,0.018362575344230914
2275.0,0.01831727262871463
2274.0,0.018271974638383703
2273.0,0.018226681372252695
2272.0,0.018226681372252695
2271.0,0.018226681372252695
2270.0,0.018226681372252695
2269.0,0.018181392829336396
2268.0,0.018181392829336396
2267.0,0.018181392829336396
2266.0,0.018181392829336396
2265.0,0.018226681372252695
2264.0,0.018226681372252695
2263.0,0.018271974638383703
2262.0,0.018271974638383703
2261.0,0.018226681372252695
2260.0,0.018226681372252695
2259.0,0.018271974638383703
2258.0,0.01831727262871463
2257.0,0.018271974638383703
2256.0,0.018226681372252695
2255.0,0.018226681372252695
2254.0,0.018226681372252695
2253.0,0.018271974638383703
2252.0,0.018271974638383703
2251.0,0.01831727262871463
2250.0,0.01831727262871463
2249.0,0.01831727262871463
2248.0,0.01831727262871463
2247.0,0.01831727262871463
2246.0,0.01831727262871463
2245.0,0.01831727262871463
2244.0,0.018226681372252695
2243.0,0.018181392829336396
2242.0,0.018136109008649592
2241.0,0.018136109008649592
2240.0,0.018136109008649592
2239.0,0.018136109008649592
2238.0,0.018136109008649592
2237.0,0.018136109008649592
2236.0,0.018136109008649592
2235.0,0.018136109008649592
2234.0,0.018136109008649592
2233.0,0.01809082990920774
2232.0,0.018045555530026514
2231.0,0.01800028587012159
2230.0,0.01800028587012159
2229.0,0.01800028587012159
2228.0,0.01800028587012159
2227.0,0.01800028587012159
2226.0,0.01800028587012159
2225.0,0.01800028587012159
2224.0,0.017955020928509757
2223.0,0.017909760704207134
2222.0,0.017864505196230507
2221.0,0.017864505196230507
2220.0,0.017864505196230507
2219.0,0.017909760704207134
2218.0,0.017955020928509757
2217.0,0.017955020928509757
2216.0,0.017909760704207134
2215.0,0.017864505196230507
2214.0,0.017864505196230507
2213.0,0.01781925440359733
2212.0,0.017774008325325275
2211.0,0.017774008325325275
2210.0,0.017774008325325275
2209.0,0.017774008325325275
2208.0,0.017774008325325275
2207.0,0.017774008325325275
2206.0,0.017728766960431575
2205.0,0.01768353030793479
2204.0,0.017638298366853045
2203.0,0.01759307113620534
2202.0,0.017547848615010242
2201.0,0.017502630802287644
2200.0,0.017502630802287644
2199.0,0.017502630802287644
2198.0,0.017502630802287644
2197.0,0.017502630802287644
2196.0,0.017457417697056554
2195.0,0.017412209298337533
2194.0,0.017412209298337533
2193.0,0.017457417697056554
2192.0,0.017412209298337533
2191.0,0.017412209298337533
2190.0,0.017367005605150476
2189.0,0.017321806616515723
2188.0,0.017321806616515723
2187.0,0.017321806616515723
2186.0,0.017321806616515723
2185.0,0.01727661233145472
2184.0,0.017231422748988034
2183.0,0.017231422748988034
2182.0,0.017186237868137555
2181.0,0.017141057687924732
2180.0,0.017141057687924732
2179.0,0.017141057687924732
2178.0,0.017186237868137555
2177.0,0.017231422748988034
2176.0,0.017231422748988034
2175.0,0.017231422748988034
2174.0,0.017231422748988034
2173.0,0.017231422748988034
2172.0,0.017231422748988034
2171.0,0.01727661233145472
2170.0,0.01727661233145472
2169.0,0.01727661233145472
2168.0,0.01727661233145472
2167.0,0.01727661233145472
2166.0,0.017321806616515723
2165.0,0.017321806616515723
2164.0,0.017321806616515723
2163.0,0.017367005605150476
2162.0,0.017367005605150476
2161.0,0.017412209298337533
2160.0,0.017412209298337533
2159.0,0.017412209298337533
2158.0,0.017457417697056554
2157.0,0.017457417697056554
2156.0,0.017502630802287644
2155.0,0.017547848615010242
2154.0,0.01759307113620534
2153.0,0.01759307113620534
2152.0,0.01759307113620534
2151.0,0.017547848615010242
2150.0,0.017502630802287644
2149.0,0.017502630802287644
2148.0,0.017502630802287644
2147.0,0.017547848615010242
2146.0,0.01759307113620534
2145.0,0.01759307113620534
2144.0,0.01759307113620534
2143.0,0.01759307113620534
2142.0,0.017547848615010242
2141.0,0.017547848615010242
2140.0,0.017502630802287644
2139.0,0.017457417697056554
2138.0,0.017457417697056554
2137.0,0.017502630802287644
2136.0,0.017502630802287644
2135.0,0.017547848615010242
2134.0,0.01759307113620534
2133.0,0.01759307113620534
2132.0,0.017547848615010242
2131.0,0.01759307113620534
2130.0,0.01759307113620534
2129.0,0.017547848615010242
2128.0,0.017502630802287644
2127.0,0.017457417697056554
2126.0,0.017457417697056554
2125.0,0.017457417697056554
2124.0,0.017502630802287644
2123.0,0.017547848615010242
2122.0,0.017547848615010242
2121.0,0.017457417697056554
2120.0,0.017412209298337533
2119.0,0.017367005605150476
2118.0,0.017412209298337533
2117.0,0.017457417697056554
2116.0,0.017502630802287644
2115.0,0.017502630802287644
2114.0,0.017502630802287644
2113.0,0.017502630802287644
2112.0,0.017457417697056554
2111.0,0.017457417697056554
2110.0,0.017412209298337533
2109.0,0.017367005605150476
2108.0,0.017367005605150476
2107.0,0.017321806616515723
2106.0,0.017321806616515723
2105.0,0.01727661233145472
2104.0,0.01727661233145472
2103.0,0.01727661233145472
2102.0,0.017231422748988034
2101.0,0.017231422748988034
2100.0,0.017186237868137555
2099.0,0.017186237868137555
2098.0,0.017186237868137555
2097.0,0.017141057687924732
2096.0,0.017095882207371904
2095.0,0.017095882207371904
2094.0,0.017095882207371904
2093.0,0.017050711425501408
2092.0,0.016960383953898095
2091.0,0.016915227262211507
2090.0,0.016915227262211507
2089.0,0.016915227262211507
2088.0,0.016870075265299933
2087.0,0.01677978535189717
2086.0,0.016689514205884493
2085.0,0.016644385668211692
2084.0,0.016599261819461697
2083.0,0.016599261819461697
2082.0,0.016599261819461697
2081.0,0.016554142658660398
2080.0,0.016509028184833463
2079.0,0.01646391839700767
2078.0,0.016418813294209356
2077.0,0.016373712875465518
2076.0,0.01632861713980338
2075.0,0.01628352608625061
2074.0,0.01628352608625061
2073.0,0.016238439713835096
2072.0,0.016148281008528276
2071.0,0.016103208673694303
2070.0,0.016058141016111804
2069.0,0.016013078034810446
2068.0,0.015922966097169144
2067.0,0.015877917138889863
2066.0,0.015832872853011715
2065.0,0.01578783323856614
2064.0,0.015742798294583915
2063.0,0.015697768020096703
2062.0,0.015697768020096703
2061.0,0.015607721475734415
2060.0,0.015517693597737248
2059.0,0.015427684378367834
2058.0,0.015337693809893471
2057.0,0.015292705517326866
2056.0,0.015292705517326866
2055.0,0.015292705517326866
2054.0,0.015292705517326866
2053.0,0.015202742910707112
2052.0,0.015112798935672522
2051.0,0.015067833932588037
2050.0,0.015022873584506602
2049.0,0.014932966849499074
2048.0,0.014888020460646079
2047.0,0.014888020460646079
2046.0,0.014843078722943437
2045.0,0.014798141635428141
2044.0,0.014798141635428141
2043.0,0.014798141635428141
2042.0,0.014753209197138295
2041.0,0.014753209197138295
2040.0,0.014708281407112
2039.0,0.014663358264387139
2038.0,0.014663358264387139
2037.0,0.014663358264387139
2036.0,0.014618439768003144
2035.0,0.014618439768003144
2034.0,0.014573525916998342
2033.0,0.014573525916998342
2032.0,0.014573525916998342
2031.0,0.01452861671041239
2030.0,0.0144837121472845
2029.0,0.014393916947563534
2028.0,0.014349026309051105
2027.0,0.014349026309051105
2026.0,0.014349026309051105
2025.0,0.014393916947563534
2024.0,0.014393916947563534
2023.0,0.014438812226654996
2022.0,0.014438812226654996
2021.0,0.014438812226654996
2020.0,0.014393916947563534
2019.0,0.014349026309051105
2018.0,0.014349026309051105
2017.0,0.014349026309051105
2016.0,0.014349026309051105
2015.0,0.014349026309051105
2014.0,0.014393916947563534
2013.0,0.014349026309051105
2012.0,0.014349026309051105
2011.0,0.014304140310157809
2010.0,0.014349026309051105
2009.0,0.014349026309051105
2008.0,0.014349026309051105
2007.0,0.014393916947563534
2006.0,0.014438812226654996
2005.0,0.0144837121472845
2004.0,0.0144837121472845
2003.0,0.0144837121472845
2002.0,0.0144837121472845
2001.0,0.01452861671041239
2000.0,0.01452861671041239
1999.0,0.014618439768003144
1998.0,0.014663358264387139
1997.0,0.014663358264387139
1996.0,0.014618439768003144
1995.0,0.014573525916998342
1994.0,0.014618439768003144
1993.0,0.014708281407112
1992.0,0.014798141635428141
1991.0,0.014888020460646079
1990.0,0.014932966849499074
1989.0,0.014932966849499074
1988.0,0.014932966849499074
1987.0,0.014977917890464765
1986.0,0.014932966849499074
1985.0,0.014932966849499074
1984.0,0.014888020460646079
1983.0,0.014932966849499074
1982.0,0.014932966849499074
1981.0,0.014932966849499074
1980.0,0.014932966849499074
1979.0,0.014932966849499074
1978.0,0.014932966849499074
1977.0,0.014932966849499074
1976.0,0.014932966849499074
1975.0,0.014977917890464765
1974.0,0.015022873584506602
1973.0,0.015067833932588037
1972.0,0.015112798935672522
1971.0,0.015157768594724175
1970.0,0.015247721884586563
1969.0,0.015292705517326866
1968.0,0.015337693809893471
1967.0,0.015427684378367834
1966.0,0.015517693597737248
1965.0,0.015607721475734415
1964.0,0.015652742414136167
1963.0,0.015742798294583915
1962.0,0.015832872853011715
1961.0,0.015877917138889863
1960.0,0.01596801972881945
1959.0,0.016058141016111804
1958.0,0.016148281008528276
1957.0,0.016193358021584725
1956.0,0.01632861713980338
1955.0,0.016418813294209356
1954.0,0.016554142658660398
1953.0,0.016554142658660398
1952.0,0.016509028184833463
1951.0,0.016509028184833463
1950.0,0.016509028184833463
1949.0,0.01646391839700767
1948.0,0.01646391839700767
1947.0,0.016373712875465518
1946.0,0.016238439713835096
1945.0,0.016103208673694303
1944.0,0.016013078034810446
1943.0,0.016013078034810446
1942.0,0.01596801972881945
1941.0,0.015877917138889863
1940.0,0.015697768020096703
1939.0,0.015517693597737248
1938.0,0.015292705517326866
1937.0,0.015067833932588037
1936.0,0.014843078722943437
1935.0,0.014708281407112
1934.0,0.01452861671041239
1933.0,0.014393916947563534
1932.0,0.014259258949925524
1931.0,0.014169510141607944
1930.0,0.01403492169512921
1929.0,0.01385553528947936
1928.0,0.01372104409400876
1927.0,0.013541787262693505
1926.0,0.013407393177789162
1925.0,0.01322826573375524
1924.0,0.013138729709955221
1923.0,0.013093968619278806
1922.0,0.013049212141483357
1921.0,0.012959713020733288
1920.0,0.012825498912458322
1919.0,0.012780770091995297
1918.0,0.012691326268817527
1917.0,0.012557195064198723
1916.0,0.012378417874516323
1915.0,0.012289056869694281
1914.0,0.012199714248127602
1913.0,0.0119764380713403
1912.0,0.011797899741219142
1911.0,0.011664044143949504
1910.0,0.011574829993696856
1909.0,0.011485634166333858
1908.0,0.011396456654336085
1907.0,0.011307297450183107
1906.0,0.011218156546359825
1905.0,0.011129033935354915
1904.0,0.011039929609661936
1903.0,0.010995384301463185
1902.0,0.010906307389674463
1901.0,0.01077272626946324
1900.0,0.010594681998483901
1899.0,0.01046119667949763
1898.0,0.010327752376126709
1897.0,0.01023881228122181
1896.0,0.010194349063173958
1895.0,0.010194349063173958
1894.0,0.010060986715464404
1893.0,0.009883233932095559
1892.0,0.009705553871561357
1891.0,0.00966114521239847
1890.0,0.009616741093766423
1889.0,0.009527946474380489
1888.0,0.00939478857608056
1887.0,0.009306039320248427
1886.0,0.009217308196862062
1885.0,0.00908424549391551
1884.0,0.008951223547323472
1883.0,0.008818242332126802
1882.0,0.008773924307505121
1881.0,0.008685301823389224
1880.0,0.008640997362049818
1879.0,0.008552401996197112
1878.0,0.008463824699968647
1877.0,0.008330992620051436
1876.0,0.008198201155356077
1875.0,0.008153946355103248
1874.0,0.008109696063975047
1873.0,0.008021209005416363
1872.0,0.007844288957383316
1871.0,0.007755855953228474
1870.0,0.007711646202907652
1869.0,0.007711646202907652
1868.0,0.007711646202907652
1867.0,0.007711646202907652
1866.0,0.007755855953228474
1865.0,0.007711646202907652
1864.0,0.0075790439479759275
1863.0,0.007534852191956709
1862.0,0.0074464821678643656
1861.0,0.007358130121602358
1860.0,0.007269796045857202
1859.0,0.007225635744644521
1858.0,0.007181479933320523
1857.0,0.007137328610972382
1856.0,0.007137328610972382
1855.0,0.007137328610972382
1854.0,0.007093181776687496
1853.0,0.007049039429553483
1852.0,0.007004901568658406
1851.0,0.007004901568658406
1850.0,0.007004901568658406
1849.0,0.007004901568658406
1848.0,0.00696076819309055
1847.0,0.007049039429553483
1846.0,0.007137328610972382
1845.0,0.007181479933320523
1844.0,0.007181479933320523
1843.0,0.007225635744644521
1842.0,0.007269796045857202
1841.0,0.007358130121602358
1840.0,0.007402303897961815
1839.0,0.007358130121602358
1838.0,0.007358130121602358
1837.0,0.007358130121602358
1836.0,0.007402303897961815
1835.0,0.007402303897961815
1834.0,0.0074464821678643656
1833.0,0.007402303897961815
1832.0,0.0074464821678643656
1831.0,0.007534852191956709
1830.0,0.0075790439479759275
1829.0,0.007490664932224611
1828.0,0.007402303897961815
1827.0,0.0074464821678643656
1826.0,0.007534852191956709
1825.0,0.007490664932224611
1824.0,0.007402303897961815
1823.0,0.007358130121602358
1822.0,0.007313960837872058
1821.0,0.007181479933320523
1820.0,0.007004901568658406
1819.0,0.006916639301937977
1818.0,0.006828394969235152
1817.0,0.006696062080525422
1816.0,0.006475596832934416
1815.0,0.006343371384537999
1814.0,0.006167133386013823
1813.0,0.005946936412324799
1812.0,0.00577085918230158
1811.0,0.005682847330363394
1810.0,0.005594853310833647
1809.0,0.005462895701502157
1808.0,0.0052870145684298375
1807.0,0.005111204635089406
1806.0,0.004979393875242044
1805.0,0.004715892310740433
1804.0,0.004540313378935901
1803.0,0.004452550524862486
1802.0,0.004408675747646695
1801.0,0.004277078004534696
1800.0,0.004101676353562844
1799.0,0.003970171588923321
1798.0,0.0038387066319929275
1797.0,0.0035758960449088217
1796.0,0.0034007772998332353
1795.0,0.0033132443998284966
1794.0,0.0032694845648473247
1793.0,0.0030944893043338695
1792.0,0.0028758443407954637
1791.0,0.0028321285541661467
1790.0,0.0028758443407954637
1789.0,0.0027884171674950053
1788.0,0.0026573093983774942
1787.0,0.002569926202528716
1786.0,0.002482560585275184
1785.0,0.0023078820582733695
1784.0,0.0020459959305969555
1783.0,0.0019587356365717845
1782.0,0.001915112063444413
1781.0,0.0016970599014589638
1780.0,0.0014791171649619628
1779.0,0.0013919706849057079
1778.0,0.001348404001626502
1777.0,0.0011741809597138886
1776.0,0.0009565003968372565
1775.0,0.0009129773741116676
1774.0,0.0009565003968372565
1773.0,0.0007389288868995258
1772.0,0.0003910410285830057
1771.0,0.0003910410285830057
1770.0,0.0006084382809090627
1769.0,0.0007824344698965646
1768.0,0.000869458712629001
1767.0,0.0009565003968372565
1766.0,0.0010870956412141197
1765.0,0.0011306361176557367
1764.0,0.0012612837441823288
1763.0,0.0016534626036355249
1762.0,0.0021332737608552588
1761.0,0.0024388843664115978
1760.0,0.0028321285541661467
1759.0,0.003619686766589858
1758.0,0.004628093971837721
1757.0,0.005550862985963967
1756.0,0.006475596832934416
1755.0,0.007667440952535687
1754.0,0.00908424549391551
1753.0,0.010550182333308289
1752.0,0.012557195064198723
1751.0,0.015562705203923999
1750.0,0.01940584422377989
1749.0,0.02365002099672653
1748.0,0.028445846553939003
1747.0,0.03385826726096752
1746.0,0.03981472339538916
1745.0,0.04662694927330402
1744.0,0.054679159207724926
1743.0,0.06383825908884244
1742.0,0.07350321072677968
1741.0,0.08465293767580806
1740.0,0.09837823590664274
1739.0,0.11260778102815316
1738.0,0.12401322857151209
1737.0,0.13282724882135022
1736.0,0.14290884532648618
1735.0,0.1605219526258017
1734.0,0.18541948398968144
1733.0,0.20600019901552957
1732.0,0.22054781659593825
1731.0,0.23522628308895954
1730.0,0.252432837262375
1729.0,0.2705112308204387
1728.0,0.2876870913186347
1727.0,0.30434324006380975
1726.0,0.3214816209598861
1725.0,0.34017884194429504
1724.0,0.36031433875731866
1723.0,0.3803849942571935
1722.0,0.3973974795797435
1721.0,0.41016205685254015
1720.0,0.4206737962447449
1719.0,0.4343882750979413
1718.0,0.45419824284072385
1717.0,0.4710832997223453
1716.0,0.4778166823813137
1715.0,0.47807775511649964
1714.0,0.47404865875198743
1713.0,0.46432619657425
1712.0,0.449038247701824
1711.0,0.4299242946783959
1710.0,0.40871273494150073
1709.0,0.38605252321965033
1708.0,0.36191027801549436
1707.0,0.33545203775345334
1706.0,0.3074174377250909
1705.0,0.2825791632776251
1704.0,0.26440110030182007
1703.0,0.25041826513444065
1702.0,0.23597339230796277
1701.0,0.21759904750347014
1700.0,0.19914550849643908
1699.0,0.18688624599210146
1698.0,0.17887967622317635
1697.0,0.17095366314681737
1696.0,0.16171775008531153
1695.0,0.1534154971019539
1694.0,0.1475810070629986
1693.0,0.14345235514325205
1692.0,0.1394224487555844
1691.0,0.13483678049391368
1690.0,0.13035765534840538
1689.0,0.12667939818460128
1688.0,0.12383991517437187
1687.0,0.12101887660626365
1686.0,0.11776015198117662
1685.0,0.11463877996848804
1684.0,0.11221396516162851
1683.0,0.11002636159600376
1682.0,0.10812816955441629
1681.0,0.1063491830140364
1680.0,0.10424605792627206
1679.0,0.10182351650232357
1678.0,0.09941441335003853
1677.0,0.09718153191774648
1676.0,0.09485199814398393
1675.0,0.09242742120144909
1674.0,0.09028354676565531
1673.0,0.0885227828938977
1672.0,0.08687520961044104
1671.0,0.08502252755566908
1670.0,0.0830725338870073
1669.0,0.08144546944972642
1668.0,0.07992887570247587
1667.0,0.07841755960658348
1666.0,0.07685964397479927
1665.0,0.07525564752005143
1664.0,0.07355465218161061
1663.0,0.07191154033502922
1662.0,0.07047889936889606
1661.0,0.06925467168888666
1660.0,0.06813548650796819
1659.0,0.06686717627326577
1658.0,0.06550154875643233
1657.0,0.06424089625468832
1656.0,0.0630843190547461
1655.0,0.061780582187257016
1654.0,0.06098022355133348
1653.0,0.06083032037482261
1652.0,0.06003170944866376
1651.0,0.059135024033278416
1650.0,0.05863766428823891
1649.0,0.05809122563440061
1648.0,0.05749589383191922
1647.0,0.057049929922901255
1646.0,0.05660442349104544
1645.0,0.056159373598738904
1644.0,0.05561604235915585
1643.0,0.05502409158795207
1642.0,0.05433450056786593
1641.0,0.05369514500652506
1640.0,0.05300765925162776
1639.0,0.05227227303668425
1638.0,0.0515870342213991
1637.0,0.05129369109514803
1636.0,0.05134256785867963
1635.0,0.051098239029786274
1634.0,0.0506099933550872
1633.0,0.05021979163799939
1632.0,0.04987865248862655
1631.0,0.04934311749548925
1630.0,0.04871106272232795
1629.0,0.048225491918274965
1628.0,0.0478374257855374
1627.0,0.04740126547022694
1626.0,0.0469171560879138
1625.0,0.04653025674659861
1624.0,0.04638525830935958
1623.0,0.04633693625290869
1622.0,0.04628861957244457
1621.0,0.04624030826677128
1620.0,0.046192002334692894
1619.0,0.04624030826677128
1618.0,0.04682039893436585
1617.0,0.04817696468408794
1616.0,0.04944043838819989
1615.0,0.049927370249842395
1614.0,0.04987865248862655
1613.0,0.04953778109440221
1612.0,0.048905443158337114
1611.0,0.047934409814949674
1610.0,0.0469171560879138
1609.0,0.04595055323640551
1608.0,0.04503426894157925
1607.0,0.044071843103049346
1606.0,0.0431115453499229
1605.0,0.04215336629184985
1604.0,0.04124505013091051
1603.0,0.040338629726504704
1602.0,0.03957679292217042
1601.0,0.03886378261277468
1600.0,0.03824678581321739
1599.0,0.037583306554248797
1598.0,0.03692083935817303
1597.0,0.03644826642590382
1596.0,0.03602339000339416
1595.0,0.035693217696063595
1594.0,0.03541041251009669
1593.0,0.03526907894637077
1592.0,0.03517488211661135
1591.0,0.03512779136222477
1590.0,0.03517488211661135
1589.0,0.035363296211498474
1588.0,0.035740369803151095
1587.0,0.03635381351515665
1586.0,0.037346595106788616
1585.0,0.039006291057664066
1584.0,0.04124505013091051
1583.0,0.04402377775167454
1582.0,0.04696554274964315
1581.0,0.04968383607539972
1580.0,0.05173378011970464
1579.0,0.05295859474477971
1578.0,0.05305672930217464
1577.0,0.05188057561946402
1576.0,0.04963514562387683
1575.0,0.04725597598510167
1574.0,0.045323413081356456
1573.0,0.0437835307566099
1572.0,0.04224908912272074
1571.0,0.040529297924893015
1570.0,0.038816290187564384
1569.0,0.037488606492403154
1568.0,0.036542739883292485
1567.0,0.03583468937826462
1566.0,0.03512779136222477
1565.0,0.03432802877989327
1564.0,0.03367050483612166
1563.0,0.03301397488206215
1562.0,0.03240522732811035
1561.0,0.031657169041054534
1560.0,0.031096969696171817
1559.0,0.031236951802751545
1558.0,0.030957032694186815
1557.0,0.03063068826647264
1556.0,0.03058408764601861
1555.0,0.030444315779156517
1554.0,0.030164906924202484
1553.0,0.029746130405213123
1552.0,0.029374223311705583
1551.0,0.029095501846216454
1550.0,0.028863370523193765
1549.0,0.028538594975413334
1548.0,0.028214062120885508
1547.0,0.027797161620935595
1546.0,0.02738066094037661
1545.0,0.027056991894431892
1544.0,0.026872146400301444
1543.0,0.02664120011360227
1542.0,0.026410376572743033
1541.0,0.02654885597506529
1540.0,0.02677975314776626
1539.0,0.026410376572743033
1538.0,0.025995203102585407
1537.0,0.025902996205869
1536.0,0.025949097207122573
1535.0,0.026041313893296225
1534.0,0.026318081496016443
1533.0,0.026687379547098322
1532.0,0.026872146400301444
1531.0,0.02682594731702781
1530.0,0.026687379547098322
1529.0,0.02654885597506529
1528.0,0.026456531467510258
1527.0,0.02636422658259252
1526.0,0.026271941311972746
1525.0,0.026041313893296225
1524.0,0.025764722556973707
1523.0,0.02539620791296726
1522.0,0.02512002699306959
1521.0,0.025028005701930978
1520.0,0.02484402159331056
1519.0,0.024706084643793647
1518.0,0.02461415101053266
1517.0,0.024660115394541604
1516.0,0.024706084643793647
1515.0,0.024798037742147727
1514.0,0.025074013910237447
1513.0,0.02558042614771394
1512.0,0.026410376572743033
1511.0,0.02747318213414429
1510.0,0.02890978686288448
1509.0,0.03128362253321426
1508.0,0.0369681249461018
1507.0,0.04657860031896477
1506.0,0.05290953578037816
1505.0,0.0534986094304124
1504.0,0.05139145012356372
1503.0,0.047934409814949674
1502.0,0.04368746915880539
1501.0,0.03905380426616856
1500.0,0.03470420418834386
1499.0,0.030863766403287585
1498.0,0.027658283674251827
1497.0,0.02521206778644225
1496.0,0.023374947949272418
1495.0,0.02204787879853809
1494.0,0.021089422824428272
1493.0,0.020406104151069693
1492.0,0.01990568621470623
1491.0,0.019451260640229506
1490.0,0.019178833355664393
1489.0,0.019269623464054586
1488.0,0.019451260640229506
1487.0,0.01949668180660491
1486.0,0.019451260640229506
1485.0,0.01949668180660491
1484.0,0.019632973815224997
1483.0,0.019769308608968306
1482.0,0.02004210665933459
1481.0,0.020406104151069693
1480.0,0.020861530453190058
1479.0,0.021135015652343103
1478.0,0.021363051615525652
1477.0,0.02168250325324883
1476.0,0.022139270735302752
1475.0,0.022505030926963654
1474.0,0.02291687968414724
1473.0,0.023741750742954926
1472.0,0.02475205875931885
1471.0,0.025488307262671706
1470.0,0.026087429580295085
1469.0,0.02677975314776626
1468.0,0.0277045713888604
1467.0,0.028863370523193765
1466.0,0.0307239045110681
1465.0,0.03343591590268957
1464.0,0.03635381351515665
1463.0,0.03862637240519895
1462.0,0.040481623027001756
1461.0,0.042201225070002124
1460.0,0.04402377775167454
1459.0,0.04624030826677128
1458.0,0.04982994019179987
1457.0,0.05433450056786593
1456.0,0.0571489934456626
1455.0,0.05824018618530458
1454.0,0.058737090681050264
1453.0,0.05908526241971446
1452.0,0.059135024033278416
1451.0,0.058836539841526925
1450.0,0.05843887976392925
1449.0,0.05814087347462649
1448.0,0.05789269101064454
1447.0,0.0575950591438934
1446.0,0.05734718830678798
1445.0,0.0571489934456626
1444.0,0.05690137699451481
1443.0,0.05650548409389744
1442.0,0.05606053552778367
1441.0,0.05551732784983132
1440.0,0.05477768336465916
1439.0,0.05369514500652506
1438.0,0.05207638016827354
1437.0,0.04982994019179987
1436.0,0.04711073508906982
1435.0,0.04450467081587295
1434.0,0.04200982159316968
1433.0,0.03943409718180235
1432.0,0.03663723389626394
1431.0,0.03376437590141812
1430.0,0.03105031901865729
1429.0,0.028770552723758724
1428.0,0.027010773144651168
1427.0,0.025718641122169483
1426.0,0.02475205875931885
1425.0,0.023971159908874107
1424.0,0.023604163388120325
1423.0,0.023604163388120325
1422.0,0.023925268380126097
1421.0,0.02475205875931885
1420.0,0.02696455931306696
1419.0,0.031236951802751545
1418.0,0.03701541568300293
1417.0,0.0439276630048171
1416.0,0.05232126006306337
1415.0,0.06268275223750575
1414.0,0.07535895258283709
1413.0,0.09039048950983108
1412.0,0.10662666975397506
1411.0,0.12124847982699793
1410.0,0.13141433344123432
1409.0,0.136142038116027
1408.0,0.13537027545448765
1407.0,0.12971317100740865
1406.0,0.12050271275057156
1405.0,0.10991447328367476
1404.0,0.10034361969436434
1403.0,0.09258863922541383
1402.0,0.08634506491338012
1401.0,0.08092190762392604
1400.0,0.07577241873988227
1399.0,0.07093887591523451
1398.0,0.06701917807680191
1397.0,0.06398920428479049
1396.0,0.0611301784870133
1395.0,0.05814087347462649
1394.0,0.055270639696704205
1393.0,0.05281143447390635
1392.0,0.050707598587974356
1391.0,0.04875964967565971
1390.0,0.0469171560879138
1389.0,0.04522701031028298
1388.0,0.04383156952463674
1387.0,0.04272802000705722
1386.0,0.04210551278710151
1385.0,0.04181850243505214
1384.0,0.041914151478914974
1383.0,0.04229695845116854
1382.0,0.0431115453499229
1381.0,0.044360346976747955
1380.0,0.046047116768076934
1379.0,0.04807992647970649
1378.0,0.050317309204795935
1377.0,0.05261529831525902
1376.0,0.05522131887649295
1375.0,0.05824018618530458
1374.0,0.06128018521761747
1373.0,0.06378795567975115
1372.0,0.0654005617819271
1371.0,0.06600683616875758
1370.0,0.06570359318059427
1369.0,0.06429125215733666
1368.0,0.06173051653708872
1367.0,0.05824018618530458
1366.0,0.05413767551038262
1365.0,0.04958646063061889
1364.0,0.04455278942230456
1363.0,0.03938654235209116
1362.0,0.03484535401307465
1361.0,0.03142366482450232
1360.0,0.028863370523193765
1359.0,0.02677975314776626
1358.0,0.025074013910237447
1357.0,0.023787622882622816
1356.0,0.022871099419317753
1355.0,0.022230681908425698
1354.0,0.021910826943857264
1353.0,0.021910826943857264
1352.0,0.022230681908425698
1351.0,0.02282532397981263
1350.0,0.023787622882622816
1349.0,0.02516604495145991
1348.0,0.02696455931306696
1347.0,0.029095501846216454
1346.0,0.03151705144606498
1345.0,0.034187046963396917
1344.0,0.036873558918095295
1343.0,0.03924390909822728
1342.0,0.041149548320321694
1341.0,0.04248848854552012
1340.0,0.042967683653061695
1339.0,0.04229695845116854
1338.0,0.04038628892895613
1337.0,0.03767802727041558
1336.0,0.034469056377139484
1335.0,0.031096969696171817
1334.0,0.028028723600243666
1333.0,0.02544225514642018
1332.0,0.02355831062115543
1331.0,0.022367834754000393
1330.0,0.021819483062586187
1329.0,0.021865152601710403
1328.0,0.022413561996148967
1327.0,0.023329119375188556
1326.0,0.024660115394541604
1325.0,0.026318081496016443
1324.0,0.028167720075074953
1323.0,0.030164906924202484
1322.0,0.032218091924200776
1321.0,0.03432802877989327
1320.0,0.036542739883292485
1319.0,0.03876880295533702
1318.0,0.040958607678906356
1317.0,0.04315950984076644
1316.0,0.04537162249272897
1315.0,0.04774046340917959
1314.0,0.050317309204795935
1313.0,0.05325306496641513
1312.0,0.05635711724787096
1311.0,0.0595831353183347
1310.0,0.06288348923294618
1309.0,0.06636088747507496
1308.0,0.06996838504902692
1307.0,0.07355465218161061
1306.0,0.07711890879170658
1305.0,0.08071265949561734
1304.0,0.08454739831152125
1303.0,0.08889568219596411
1302.0,0.09388054245443844
1301.0,0.09979678698310646
1300.0,0.10668218838388821
1299.0,0.11441264381034388
1298.0,0.12274386688641381
1297.0,0.13153190097901324
1296.0,0.14068153490288382
1295.0,0.14978275820161047
1294.0,0.158765704493959
1293.0,0.167618839752959
1292.0,0.1764605663431411
1291.0,0.1849538239353694
1290.0,0.1930742231162681
1289.0,0.2009352806489919
1288.0,0.2085198839799991
1287.0,0.21559669824699146
1286.0,0.221921138062545
1285.0,0.22767829327708022
1284.0,0.23291837863667775
1283.0,0.23747147755300002
1282.0,0.24139085734025634
1281.0,0.24488773360492888
1280.0,0.24818221226312076
1279.0,0.2510371387438386
1278.0,0.25359935550843904
1277.0,0.25656863485331627
1276.0,0.26011134491545684
1275.0,0.264480941184829
1274.0,0.2700257143004443
1273.0,0.27728383251150523
1272.0,0.2865934678323092
1271.0,0.2976556416442313
1270.0,0.31006989598178203
1269.0,0.3239468753481285
1268.0,0.3390397082239165
1267.0,0.35457773065090814
1266.0,0.37018280398148407
1265.0,0.3857357126412948
1264.0,0.40099076017665647
1263.0,0.4149907200975389
1262.0,0.4272445348457803
1261.0,0.43794517034362146
1260.0,0.4468454518303746
1259.0,0.45308735681875745
1258.0,0.4571745730408201
1257.0,0.46029676105217443
1256.0,0.4631891340084586
1255.0,0.46610089920340547
1254.0,0.4694161403548822
1253.0,0.47404865875198743
1252.0,0.48017200622428113
1251.0,0.48731560378283634
1250.0,0.4951215405897842
1249.0,0.5040396051182947
1248.0,0.5138530031934274
1247.0,0.5236031732746698
1246.0,0.5328360340309097
1245.0,0.541966807503494
1244.0,0.550521600812635
1243.0,0.5572067740602309
1242.0,0.5611413405794381
1241.0,0.5625665562020288
1240.0,0.5608252601565316
1239.0,0.5550188879120554
1238.0,0.5445460312213719
1237.0,0.5304725208129861
1236.0,0.5131446447230568
1235.0,0.4925489390980302
1234.0,0.46954415641532377
1233.0,0.4457531918338895
1232.0,0.4221636587072559
1231.0,0.3988094673846665
1230.0,0.37633729264379534
1229.0,0.3554629422215927
1228.0,0.3362048777805924
1227.0,0.31803554100531684
1226.0,0.30094314545233236
1225.0,0.2850837520064151
1224.0,0.2704302736980302
1223.0,0.2568039185512987
1222.0,0.2439727870265589
1221.0,0.23225063265442003
1220.0,0.22155931642876725
1219.0,0.21161948468043668
1218.0,0.20252471246266568
1217.0,0.19422736806433094
1216.0,0.18668594105416525
1215.0,0.17973284283903546
1214.0,0.173212761183708
1213.0,0.16723569505946845
1212.0,0.16178077809237412
1211.0,0.1567049172634929
1210.0,0.15193410459600853
1209.0,0.14745901423020125
1208.0,0.14339193156306385
1207.0,0.13948232253825377
1206.0,0.13578566953867033
1205.0,0.1322379753497993
1204.0,0.12883586719705065
1203.0,0.12551818230053358
1202.0,0.12228319913502328
1201.0,0.11918640771920863
1200.0,0.11628179803604044
1199.0,0.11345287660889425
1198.0,0.11075433910702048
1197.0,0.10807246577932506
1196.0,0.10546241500425357
1195.0,0.1028679566179056
1194.0,0.10034361969436434
1193.0,0.09799710864927058
1192.0,0.09582563171583658
1191.0,0.09388054245443844
1190.0,0.09205147838772776
1189.0,0.0905509530187334
1188.0,0.08937559511079884
1187.0,0.0885227828938977
1186.0,0.08804381092731295
1185.0,0.08799062441302175
1184.0,0.08841629901892434
1183.0,0.0892689019566193
1182.0,0.0905509530187334
1181.0,0.09215885741705532
1180.0,0.09409623378338305
1179.0,0.0960964733098364
1178.0,0.09799710864927058
1177.0,0.09968750301627338
1176.0,0.10100072911021085
1175.0,0.10165883427249067
1174.0,0.10154908080162528
1173.0,0.10061729446673495
1172.0,0.09886874864462802
1171.0,0.09625905937846135
1170.0,0.09301884677114591
1169.0,0.08937559511079884
1168.0,0.0856568428805593
1167.0,0.08217951800630297
1166.0,0.07914650387874067
1165.0,0.07660053384128362
1164.0,0.07453319930846214
1163.0,0.07288638806623937
1162.0,0.07155293679081787
1161.0,0.07063217075990047
1160.0,0.07007043991541217
1159.0,0.06986635415888243
1158.0,0.06996838504902692
1157.0,0.07047889936889606
1156.0,0.07139934015547578
1155.0,0.07283502570063005
1154.0,0.07489427319033615
1153.0,0.07758597585436577
1152.0,0.0809742354126397
1151.0,0.08496970974083906
1150.0,0.08937559511079884
1149.0,0.09436599867304518
1148.0,0.09985143928065598
1147.0,0.10585015323207791
1146.0,0.11232644754555254
1145.0,0.11912926746757657
1144.0,0.12621453918179926
1143.0,0.13324021650489182
1142.0,0.14014147951900724
1141.0,0.14672777597931685
1140.0,0.15310645668337486
1139.0,0.15901616267962204
1138.0,0.16456310519814177
1137.0,0.16979640107429583
1136.0,0.17476867680009978
1135.0,0.17940450345550985
1134.0,0.1838250095711984
1133.0,0.188357978546849
1132.0,0.19327749692381868
1131.0,0.1985276864785288
1130.0,0.2043980201058202
1129.0,0.21119550695535172
1128.0,0.21903497039168318
1127.0,0.2277516600281464
1126.0,0.23732143627256375
1125.0,0.24772101453988138
1124.0,0.25884840114821506
1123.0,0.27010659603676235
1122.0,0.2808345059107866
1121.0,0.29073003902416916
1120.0,0.29929628285498056
1119.0,0.30565808963581875
1118.0,0.3093609882840327
1117.0,0.3104247842400618
1116.0,0.3091839420190845
1115.0,0.30574588797472146
1114.0,0.3011168632474097
1113.0,0.29662263148765056
1112.0,0.29362364416030995
1111.0,0.29268536641129206
1110.0,0.29473513768259596
1109.0,0.30042240860109093
1108.0,0.30962669308394086
1107.0,0.32166375326781993
1106.0,0.3360165453917334
1105.0,0.35242144578754475
1104.0,0.37069235992625105
1103.0,0.38976582466561127
1102.0,0.4091581652183973
1101.0,0.4286406072461604
1100.0,0.44769689066164586
1099.0,0.46521264137050844
1098.0,0.4804344991194909
1097.0,0.4933596944334975
1096.0,0.5039010078674286
1095.0,0.5107448316307395
1094.0,0.5137112390394336
1093.0,0.5138530031934274
1092.0,0.5110264752734919
1091.0,0.5050110263168319
1090.0,0.496209316942819
1089.0,0.4858508655245626
1088.0,0.474436941729933
1087.0,0.4618034216505458
1086.0,0.4481841776489843
1085.0,0.43415218132648237
1084.0,0.4197594917346237
1083.0,0.4042833800565755
1082.0,0.3878521616735131
1081.0,0.37089634982286346
1080.0,0.35389047802115203
1079.0,0.3365817877473203
1078.0,0.31948319061874497
1077.0,0.30303235925597694
1076.0,0.2875186621980814
1075.0,0.27278417909150754
1074.0,0.25884840114821506
1073.0,0.24603413413483977
1072.0,0.23448045690204733
1071.0,0.22395292881822026
1070.0,0.21445663004340698
1069.0,0.20606999322731534
1068.0,0.19866490432545336
1067.0,0.19178902707577805
1066.0,0.18535293054814383
1065.0,0.17960147729601839
1064.0,0.1745089701205691
1063.0,0.17005330405836405
1062.0,0.16621562534352097
1061.0,0.16316971351112097
1060.0,0.16089921729284673
1059.0,0.15939212099070987
1058.0,0.15857795559764076
1057.0,0.15870311250971825
1056.0,0.15976840504189105
1055.0,0.16146572948813143
1054.0,0.16380251922107458
1053.0,0.1667891197173912
1052.0,0.17031035910102887
1051.0,0.17405485679615196
1050.0,0.17796275192741495
1049.0,0.18203819546800593
1048.0,0.18615224577114575
1047.0,0.18996921359416064
1046.0,0.19327749692381868
1045.0,0.19613336571501572
1044.0,0.1983905119726812
1043.0,0.19983300979863605
1042.0,0.20038379551850105
1041.0,0.200246033588114
1040.0,0.19948912310563194
1039.0,0.1981162928747604
1038.0,0.19613336571501572
1037.0,0.19388788983090888
1036.0,0.19151894343404896
1035.0,0.18916284885951162
1034.0,0.1867526991023949
1033.0,0.18462151503408197
1032.0,0.18256685588861554
1031.0,0.18052187163787736
1030.0,0.1784864715952268
1029.0,0.17665620917935154
1028.0,0.1752235375244544
1027.0,0.17444406770964305
1026.0,0.1748985884019969
1025.0,0.17750501472124913
1024.0,0.18349356295364294
1023.0,0.19375217280420953
1022.0,0.20915209603456808
1021.0,0.22973726182940668
1020.0,0.25422278211024096
1019.0,0.27926202298157476
1018.0,0.3000755972575233
1017.0,0.31175820402228815
1016.0,0.3106911408763797
1015.0,0.29688065376392214
1014.0,0.2744150277293056
1013.0,0.24918315735024543
1012.0,0.2258481410452895
1011.0,0.20627944318647673
1010.0,0.19070969882368427
1009.0,0.1785519809824696
1008.0,0.16883436609055757
1007.0,0.16089921729284673
1006.0,0.15440590683997568
1005.0,0.14917004015146906
1004.0,0.14484442282300614
1003.0,0.1410419452819942
1002.0,0.13763006287711765
1001.0,0.134659094375416
1000.0,0.13200248965504868
999.0,0.1295960947209729
998.0,0.12737762097471172
997.0,0.12546020292898974
996.0,0.12378215940835768
995.0,0.12228319913502328
994.0,0.12090412049992727
993.0,0.11970100857424737
992.0,0.11872949607064243
991.0,0.11787408022996826
990.0,0.11702034596270106
989.0,0.1163953390777075
988.0,0.11582793047608719
987.0,0.11537453674376552
986.0,0.1149782051377024
985.0,0.11475189221861393
984.0,0.11463877996848804
983.0,0.11458223488906394
982.0,0.1145256971708426
981.0,0.11446916681190777
980.0,0.11446916681190777
979.0,0.1145256971708426
978.0,0.1145256971708426
977.0,0.11458223488906394
976.0,0.11458223488906394
975.0,0.1145256971708426
974.0,0.11429961987167014
973.0,0.11407366019856902
972.0,0.1137349409702435
971.0,0.11311464101399138
970.0,0.11221396516162851
969.0,0.11109074073646874
968.0,0.10991447328367476
967.0,0.10851829616048003
966.0,0.10707101764479421
965.0,0.10557316203581202
964.0,0.10408045468998406
963.0,0.10264786565568684
962.0,0.1012199867101744
961.0,0.09990609845660159
960.0,0.09870518283443275
959.0,0.09750757884139638
958.0,0.09636748391576244
957.0,0.09544673702322726
956.0,0.09458193129745807
955.0,0.09382663635595145
954.0,0.09307265269104414
953.0,0.09242742120144909
952.0,0.0917831469106074
951.0,0.09119340059432579
950.0,0.09060445403289452
949.0,0.0900697402471693
948.0,0.08964244272712252
947.0,0.08916223500731646
946.0,0.08868255767596933
945.0,0.08820340956274775
944.0,0.0877779434675845
943.0,0.08740600224789441
942.0,0.0870343792958963
941.0,0.0867691288864394
940.0,0.08650404038287651
939.0,0.086239113587677
938.0,0.08592141461088798
937.0,0.08570974433405087
936.0,0.08549817717268593
935.0,0.08528671302637614
934.0,0.08491689834879956
933.0,0.08460016478773014
932.0,0.08428366205400617
931.0,0.0839147001562972
930.0,0.0833881548906541
929.0,0.08286224724355584
928.0,0.0823369756726251
927.0,0.08181233864107451
926.0,0.08134070657817682
925.0,0.0809742354126397
924.0,0.08060807322614072
923.0,0.08024221949810584
922.0,0.07982447798997727
921.0,0.0794592834975203
920.0,0.07914650387874067
919.0,0.0788860261633193
918.0,0.07872981449018734
917.0,0.07878187880504961
916.0,0.07904229404455076
915.0,0.0794592834975203
914.0,0.07998108397108505
913.0,0.08092190762392604
912.0,0.08223199755224364
911.0,0.0839147001562972
910.0,0.08592141461088798
909.0,0.08820340956274775
908.0,0.0908185240221473
907.0,0.09366495819490939
906.0,0.09669292003582619
905.0,0.09985143928065598
904.0,0.10308815917397474
903.0,0.10623823794205656
902.0,0.10913206118855912
901.0,0.11176432672943282
900.0,0.11407366019856902
899.0,0.11582793047608719
898.0,0.1170772093974013
897.0,0.11793105556385153
896.0,0.11844417020668851
895.0,0.11872949607064243
894.0,0.11890078161098283
893.0,0.11912926746757657
892.0,0.11947222180119477
891.0,0.11987267778337518
890.0,0.1203880929341492
889.0,0.12113366304327466
888.0,0.12222565000860186
887.0,0.12355121312165873
886.0,0.12517042212027807
885.0,0.12737762097471172
884.0,0.1302990263261221
883.0,0.13383085236622927
882.0,0.13816700234205515
881.0,0.14339193156306385
880.0,0.14941502364796855
879.0,0.15602015552184012
878.0,0.16298005145909156
877.0,0.17031035910102887
876.0,0.17750501472124913
875.0,0.1838250095711984
874.0,0.18842499412940672
873.0,0.19064232978889417
872.0,0.19010375339756092
871.0,0.18655245573517876
870.0,0.18032448000570733
869.0,0.17256610459922084
868.0,0.16430942850757435
867.0,0.1560823619936076
866.0,0.14837479684669086
865.0,0.1415831222765116
864.0,0.13590442657575252
863.0,0.1311792938024825
862.0,0.12731939284807026
861.0,0.12436006299583169
860.0,0.12222565000860186
859.0,0.12067469921519258
858.0,0.11958660012208333
857.0,0.11890078161098283
856.0,0.11850122038501709
855.0,0.11827306462358211
854.0,0.11798803837334138
853.0,0.11776015198117662
852.0,0.11764625361128611
851.0,0.1175323851046286
850.0,0.11730473761840288
849.0,0.11719095860756013
848.0,0.11719095860756013
847.0,0.11719095860756013
846.0,0.11719095860756013
845.0,0.11719095860756013
844.0,0.11736163830396129
843.0,0.11758931562603192
842.0,0.11764625361128611
841.0,0.11758931562603192
840.0,0.1174754620451195
839.0,0.1170772093974013
838.0,0.11645212073195621
837.0,0.11560117444331386
836.0,0.11463877996848804
835.0,0.11350927482751816
834.0,0.11227020271196975
833.0,0.11103465569966264
832.0,0.1098585399354226
831.0,0.10862982530385179
830.0,0.10734896612269962
829.0,0.10623823794205656
828.0,0.1052410056281079
827.0,0.10435649517592083
826.0,0.10341867249426717
825.0,0.10264786565568684
824.0,0.10204318999304807
823.0,0.1014393550602879
822.0,0.10094593200182911
821.0,0.1005625457138224
820.0,0.10034361969436434
819.0,0.10017949757290379
818.0,0.10001543745060903
817.0,0.10007011727213588
816.0,0.10017949757290379
815.0,0.10034361969436434
814.0,0.10039834085387778
813.0,0.10039834085387778
812.0,0.10028890542885538
811.0,0.10017949757290379
810.0,0.10001543745060903
809.0,0.10001543745060903
808.0,0.09996076451267522
807.0,0.09979678698310646
806.0,0.09946901754724413
805.0,0.0990869322623309
804.0,0.09870518283443275
803.0,0.09805153492691598
802.0,0.0972358560759139
801.0,0.09642170633694569
800.0,0.0960964733098364
799.0,0.09680145295702158
798.0,0.09903237608087578
797.0,0.10297804393963661
796.0,0.10796107965870849
795.0,0.11266406960083297
794.0,0.11588463798833115
793.0,0.11702034596270106
792.0,0.11616828667054757
791.0,0.11356568037106163
790.0,0.1098585399354226
789.0,0.10573933555301185
788.0,0.10171372141087698
787.0,0.09777947172068524
786.0,0.09409623378338305
785.0,0.0908185240221473
784.0,0.08788427092114603
783.0,0.08528671302637614
782.0,0.08301995267961781
781.0,0.08118360963962057
780.0,0.07966792846041071
779.0,0.07826151631540124
778.0,0.07680780957933253
777.0,0.07551395626608493
776.0,0.07432700607875953
775.0,0.07309189829456408
774.0,0.07186029312488018
773.0,0.07073438174693436
772.0,0.06961138175567827
771.0,0.0684912781333824
770.0,0.06732334137759932
769.0,0.06615853710127872
768.0,0.06494641076893504
767.0,0.0636873663378068
766.0,0.06243196139961715
765.0,0.06133019897732073
764.0,0.060430831344098435
763.0,0.05938391766259232
762.0,0.05814087347462649
761.0,0.05685187064143715
760.0,0.05566540802921782
759.0,0.05448217792216048
758.0,0.05325306496641513
757.0,0.05207638016827354
756.0,0.051049389754451946
755.0,0.04997609347667353
754.0,0.04885683989244738
753.0,0.04774046340917959
752.0,0.04667530361081473
751.0,0.045564513671517703
750.0,0.04455278942230456
749.0,0.043735497301724546
748.0,0.04315950984076644
747.0,0.04282386959515394
746.0,0.042967683653061695
745.0,0.04426415772233416
744.0,0.04740126547022694
743.0,0.05281143447390635
742.0,0.06103020277710969
741.0,0.0725783049495814
740.0,0.08761850108119962
739.0,0.10596099919539115
738.0,0.12691201440971422
737.0,0.15015080439474215
736.0,0.17496355877864622
735.0,0.20059052038487324
734.0,0.22709180502872828
733.0,0.2550814575586471
732.0,0.28550259135019407
731.0,0.3183970012691315
730.0,0.35457773065090814
729.0,0.3956659268970888
728.0,0.4421320384319778
727.0,0.49093195498283837
726.0,0.5356595153723327
725.0,0.5683146553139882
724.0,0.5798791519142972
723.0,0.5647928967592524
722.0,0.5256380239673693
721.0,0.4721124340472953
720.0,0.416461180745648
719.0,0.3677452233152865
718.0,0.3289197672611506
717.0,0.29860473098607976
716.0,0.27466018409026294
715.0,0.25578527518583405
714.0,0.24139085734025634
713.0,0.23077041826340627
712.0,0.22264568691579112
711.0,0.21566805197785177
710.0,0.2092223986623063
709.0,0.2033562962148836
708.0,0.1981848314185628
707.0,0.1935486767527379
706.0,0.18902860017779255
705.0,0.1847544080834369
704.0,0.180587688790675
703.0,0.17613469067548881
702.0,0.1711468403233598
701.0,0.165706487557304
700.0,0.160145015398115
699.0,0.15452986701832638
698.0,0.14923127307111983
697.0,0.1446020033459312
696.0,0.1407415825326932
695.0,0.1374512304752069
694.0,0.13448148092522594
693.0,0.13200248965504868
692.0,0.12994741830645506
691.0,0.1280769681176266
690.0,0.12621453918179926
689.0,0.12453358413361437
688.0,0.12314735239865637
687.0,0.1219955297319748
686.0,0.12113366304327466
685.0,0.12090412049992727
684.0,0.12119106764079435
683.0,0.12153565465853111
682.0,0.12147820449879343
681.0,0.12107626603243293
680.0,0.1203880929341492
679.0,0.11924355548978971
678.0,0.11758931562603192
677.0,0.11588463798833115
676.0,0.11446916681190777
675.0,0.11305829401658474
674.0,0.11176432672943282
673.0,0.11069829749368965
672.0,0.1098585399354226
671.0,0.10907622851098608
670.0,0.10807246577932506
669.0,0.10701544928928342
668.0,0.1061827760325369
667.0,0.1060718734573931
666.0,0.10529634739076998
665.0,0.10358402352687701
664.0,0.10193333935836524
663.0,0.10089114180660053
662.0,0.10034361969436434
661.0,0.10007011727213588
660.0,0.09990609845660159
659.0,0.09957824654226233
658.0,0.09919606518963042
657.0,0.09892328427374508
656.0,0.09875969792669093
655.0,0.09843270997155007
654.0,0.09777947172068524
653.0,0.09707290398273716
652.0,0.09636748391576244
651.0,0.0955549589230904
650.0,0.09463593123310776
649.0,0.09420411963213149
648.0,0.09420411963213149
647.0,0.09398837472858723
646.0,0.09328794305703592
645.0,0.0922125568893839
644.0,0.09140776115243066
643.0,0.09108625997902897
642.0,0.09140776115243066
641.0,0.09226626300234453
640.0,0.09328794305703592
639.0,0.09425807260839858
638.0,0.09533854208447545
637.0,0.0972358560759139
636.0,0.10028890542885538
635.0,0.10385974855798041
634.0,0.10695988804288215
633.0,0.10896458468468917
632.0,0.10924374808178183
631.0,0.10734896612269962
630.0,0.10408045468998406
629.0,0.10083635852278117
628.0,0.09837823590664274
627.0,0.09663866374468144
626.0,0.09533854208447545
625.0,0.09436599867304518
624.0,0.0935572061829677
623.0,0.09264239186882706
622.0,0.09156860103399356
621.0,0.09065796163869155
620.0,0.09012318200960712
619.0,0.08969583193143116
618.0,0.08969583193143116
617.0,0.0905509530187334
616.0,0.0919441259012328
615.0,0.09280368972839836
614.0,0.09264239186882706
613.0,0.0922125568893839
612.0,0.0919977988274463
611.0,0.0919977988274463
610.0,0.0917831469106074
609.0,0.09135416109288674
608.0,0.09092559859909577
607.0,0.09071147583774919
606.0,0.09097914578884403
605.0,0.09189045960744768
604.0,0.09318028453345462
603.0,0.09393445524476318
602.0,0.09388054245443844
601.0,0.0937727369476411
600.0,0.09409623378338305
599.0,0.09441997176475758
598.0,0.09415017335768128
597.0,0.09344948089854999
596.0,0.09242742120144909
595.0,0.09071147583774919
594.0,0.08878910686244668
593.0,0.08788427092114603
592.0,0.08830984124613894
591.0,0.08878910686244668
590.0,0.08836306687055773
589.0,0.08804381092731295
588.0,0.08873582900163002
587.0,0.08985603893548699
586.0,0.09023008526723086
585.0,0.08980263003399913
584.0,0.0884695376928375
583.0,0.08549817717268593
582.0,0.08160266115629988
581.0,0.07935499859321249
580.0,0.0794071379151915
579.0,0.0794592834975203
578.0,0.07763790321520991
577.0,0.07634157820669385
576.0,0.07846958649875768
575.0,0.08296737783760655
574.0,0.08666307406737683
573.0,0.08948231448273347
572.0,0.09301884677114591
571.0,0.09669292003582619
570.0,0.09870518283443275
569.0,0.0990869322623309
568.0,0.09750757884139638
567.0,0.09334178232840018
566.0,0.08985603893548699
565.0,0.09097914578884403
564.0,0.0955549589230904
563.0,0.09821485469640057
562.0,0.09653017149282994
561.0,0.0935033402006471
560.0,0.09140776115243066
559.0,0.08953568400438638
558.0,0.08735289378168276
557.0,0.08602728844902896
556.0,0.08618614761628329
555.0,0.08756536662442538
554.0,0.08980263003399913
553.0,0.09264239186882706
552.0,0.09539263618455207
551.0,0.09691001300805646
550.0,0.09761631556752848
549.0,0.09957824654226233
548.0,0.10325338439259446
547.0,0.10590557267730127
546.0,0.10430127304069425
545.0,0.09875969792669093
544.0,0.09291125492570451
543.0,0.09028354676565531
542.0,0.09167586072382083
541.0,0.09506817260434741
540.0,0.0978882765519955
539.0,0.09821485469640057
538.0,0.09517630019905599
537.0,0.09028354676565531
536.0,0.08639805027084257
535.0,0.08597434830367123
534.0,0.08820340956274775
533.0,0.09017663034908807
532.0,0.08958906008531176
531.0,0.08661005636824437
530.0,0.08344078069888616
529.0,0.08186477383364066
528.0,0.08228448344050654
527.0,0.08344078069888616
526.0,0.08412549714230844
525.0,0.08433639649422697
524.0,0.08507535179485148
523.0,0.08608023504853413
522.0,0.08586848736910624
521.0,0.08417821237960132
520.0,0.0832303157168639
519.0,0.08465293767580806
518.0,0.08687520961044104
517.0,0.0870343792958963
516.0,0.08507535179485148
515.0,0.08333553545860273
514.0,0.08365134772453975
513.0,0.08555105930144569
512.0,0.0881502035005799
511.0,0.09097914578884403
510.0,0.09323411045927221
509.0,0.09468993788391455
508.0,0.09620485725896466
507.0,0.09799710864927058
506.0,0.09886874864462802
505.0,0.09750757884139638
504.0,0.09512223303659528
503.0,0.09339562827501968
502.0,0.09189045960744768
501.0,0.08905559425002108
500.0,0.08576265223225898
499.0,0.08507535179485148
498.0,0.08836306687055773
497.0,0.0935033402006471
496.0,0.09794268919153337
495.0,0.1005625457138224
494.0,0.10094593200182911
493.0,0.09865067458435761
492.0,0.09490603167212863
491.0,0.09215885741705532
490.0,0.09183679994445204
489.0,0.09231997575758011
488.0,0.09135416109288674
487.0,0.08910891135547172
486.0,0.0881502035005799
485.0,0.0900163050601559
484.0,0.0935572061829677
483.0,0.09587978652380036
482.0,0.0950141189006366
481.0,0.09215885741705532
480.0,0.09076499663169257
479.0,0.09296504751658308
478.0,0.09712721455392082
477.0,0.09968750301627338
476.0,0.09930522554760213
475.0,0.09718153191774648
474.0,0.09447395156495153
473.0,0.09087205801073917
472.0,0.08608023504853413
471.0,0.08149786036382611
470.0,0.07862570458152551
469.0,0.07826151631540124
468.0,0.08071265949561734
467.0,0.08555105930144569
466.0,0.09023008526723086
465.0,0.0922125568893839
464.0,0.09140776115243066
463.0,0.08990945440593179
462.0,0.08873582900163002
461.0,0.08687520961044104
460.0,0.08407278830288423
459.0,0.08181233864107451
458.0,0.08144546944972642
457.0,0.0823369756726251
456.0,0.08349341288484435
455.0,0.08507535179485148
454.0,0.0867160982395816
453.0,0.08745911720936239
452.0,0.08719360733870762
451.0,0.08767164203958999
450.0,0.09012318200960712
