cm-1,A
4000.0,0.006387442061109638
3999.0,0.006343371384537999
3998.0,0.006299305179649828
3997.0,0.00621118618129457
3996.0,0.00612308505878878
3995.0,0.006035001804881146
3994.0,0.005990966876386672
3993.0,0.005990966876386672
3992.0,0.006035001804881146
3991.0,0.00612308505878878
3990.0,0.00612308505878878
3989.0,0.00612308505878878
3988.0,0.00612308505878878
3987.0,0.00612308505878878
3986.0,0.00612308505878878
3985.0,0.006167133386013823
3984.0,0.00612308505878878
3983.0,0.006035001804881146
3982.0,0.005990966876386672
3981.0,0.005946936412324799
3980.0,0.005946936412324799
3979.0,0.005946936412324799
3978.0,0.005990966876386672
3977.0,0.005990966876386672
3976.0,0.005990966876386672
3975.0,0.005990966876386672
3974.0,0.005990966876386672
3973.0,0.005990966876386672
3972.0,0.005990966876386672
3971.0,0.006035001804881146
3970.0,0.006079041198713275
3969.0,0.00612308505878878
3968.0,0.006079041198713275
3967.0,0.006035001804881146
3966.0,0.005990966876386672
3965.0,0.005990966876386672
3964.0,0.005990966876386672
3963.0,0.005990966876386672
3962.0,0.005990966876386672
3961.0,0.005990966876386672
3960.0,0.005946936412324799
3959.0,0.005946936412324799
3958.0,0.005990966876386672
3957.0,0.005990966876386672
3956.0,0.006035001804881146
3955.0,0.006035001804881146
3954.0,0.005990966876386672
3953.0,0.005946936412324799
3952.0,0.00590291041179003
3951.0,0.005858888873877532
3950.0,0.005858888873877532
3949.0,0.005814871797682919
3948.0,0.005726851026829571
3947.0,0.005638848091999105
3946.0,0.005550862985963967
3945.0,0.005550862985963967
3944.0,0.005638848091999105
3943.0,0.005726851026829571
3942.0,0.00577085918230158
3941.0,0.005814871797682919
3940.0,0.00590291041179003
3939.0,0.005990966876386672
3938.0,0.006079041198713275
3937.0,0.00612308505878878
3936.0,0.006079041198713275
3935.0,0.006035001804881146
3934.0,0.005990966876386672
3933.0,0.005946936412324799
3932.0,0.005946936412324799
3931.0,0.005946936412324799
3930.0,0.005946936412324799
3929.0,0.00590291041179003
3928.0,0.005858888873877532
3927.0,0.005814871797682919
3926.0,0.005814871797682919
3925.0,0.005814871797682919
3924.0,0.00577085918230158
3923.0,0.00577085918230158
3922.0,0.00577085918230158
3921.0,0.00577085918230158
3920.0,0.005726851026829571
3919.0,0.005682847330363394
3918.0,0.005682847330363394
3917.0,0.005682847330363394
3916.0,0.005682847330363394
3915.0,0.005682847330363394
3914.0,0.00577085918230158
3913.0,0.005946936412324799
3912.0,0.00612308505878878
3911.0,0.00621118618129457
3910.0,0.00621118618129457
3909.0,0.00612308505878878
3908.0,0.005946936412324799
3907.0,0.00577085918230158
3906.0,0.005594853310833647
3905.0,0.005462895701502157
3904.0,0.005330978174470591
3903.0,0.005155150446602086
3902.0,0.005155150446602086
3901.0,0.005330978174470591
3900.0,0.005638848091999105
3899.0,0.005858888873877532
3898.0,0.005946936412324799
3897.0,0.005946936412324799
3896.0,0.005946936412324799
3895.0,0.00590291041179003
3894.0,0.005814871797682919
3893.0,0.005858888873877532
3892.0,0.005946936412324799
3891.0,0.005858888873877532
3890.0,0.005638848091999105
3889.0,0.005550862985963967
3888.0,0.005726851026829571
3887.0,0.005990966876386672
3886.0,0.006079041198713275
3885.0,0.005858888873877532
3884.0,0.005506877116487674
3883.0,0.00537494623139545
3882.0,0.005506877116487674
3881.0,0.005726851026829571
3880.0,0.005814871797682919
3879.0,0.005638848091999105
3878.0,0.005506877116487674
3877.0,0.005594853310833647
3876.0,0.00577085918230158
3875.0,0.005814871797682919
3874.0,0.005638848091999105
3873.0,0.00541891874010525
3872.0,0.005330978174470591
3871.0,0.005462895701502157
3870.0,0.005550862985963967
3869.0,0.0052870145684298375
3868.0,0.005067263269958211
3867.0,0.005155150446602086
3866.0,0.00541891874010525
3865.0,0.005638848091999105
3864.0,0.005638848091999105
3863.0,0.005550862985963967
3862.0,0.005550862985963967
3861.0,0.005594853310833647
3860.0,0.005682847330363394
3859.0,0.005638848091999105
3858.0,0.00537494623139545
3857.0,0.004935465843858511
3856.0,0.004452550524862486
3855.0,0.004277078004534696
3854.0,0.004671990922590297
3853.0,0.00489154225525934
3852.0,0.004803708402820517
3851.0,0.005023326350308999
3850.0,0.005594853310833647
3849.0,0.006079041198713275
3848.0,0.006167133386013823
3847.0,0.006035001804881146
3846.0,0.005858888873877532
3845.0,0.005638848091999105
3844.0,0.00537494623139545
3843.0,0.005111204635089406
3842.0,0.00484762310854614
3841.0,0.004715892310740433
3840.0,0.004803708402820517
3839.0,0.004935465843858511
3838.0,0.005067263269958211
3837.0,0.005067263269958211
3836.0,0.005111204635089406
3835.0,0.005330978174470591
3834.0,0.005550862985963967
3833.0,0.00577085918230158
3832.0,0.005858888873877532
3831.0,0.005814871797682919
3830.0,0.005726851026829571
3829.0,0.005726851026829571
3828.0,0.00577085918230158
3827.0,0.00577085918230158
3826.0,0.005506877116487674
3825.0,0.005155150446602086
3824.0,0.00484762310854614
3823.0,0.00484762310854614
3822.0,0.005111204635089406
3821.0,0.0052870145684298375
3820.0,0.005023326350308999
3819.0,0.00484762310854614
3818.0,0.005111204635089406
3817.0,0.005594853310833647
3816.0,0.005858888873877532
3815.0,0.00577085918230158
3814.0,0.005638848091999105
3813.0,0.005726851026829571
3812.0,0.005858888873877532
3811.0,0.005726851026829571
3810.0,0.005550862985963967
3809.0,0.005462895701502157
3808.0,0.005638848091999105
3807.0,0.005726851026829571
3806.0,0.005550862985963967
3805.0,0.0052870145684298375
3804.0,0.0052870145684298375
3803.0,0.005506877116487674
3802.0,0.005638848091999105
3801.0,0.00537494623139545
3800.0,0.004935465843858511
3799.0,0.004935465843858511
3798.0,0.00541891874010525
3797.0,0.005946936412324799
3796.0,0.00621118618129457
3795.0,0.00625524344553785
3794.0,0.00625524344553785
3793.0,0.006343371384537999
3792.0,0.006387442061109638
3791.0,0.006343371384537999
3790.0,0.00625524344553785
3789.0,0.00612308505878878
3788.0,0.006035001804881146
3787.0,0.006035001804881146
3786.0,0.006035001804881146
3785.0,0.005990966876386672
3784.0,0.005814871797682919
3783.0,0.005638848091999105
3782.0,0.005550862985963967
3781.0,0.005638848091999105
3780.0,0.005858888873877532
3779.0,0.005946936412324799
3778.0,0.005990966876386672
3777.0,0.006035001804881146
3776.0,0.006167133386013823
3775.0,0.00625524344553785
3774.0,0.006167133386013823
3773.0,0.006035001804881146
3772.0,0.005946936412324799
3771.0,0.00590291041179003
3770.0,0.005814871797682919
3769.0,0.005682847330363394
3768.0,0.005594853310833647
3767.0,0.00577085918230158
3766.0,0.006035001804881146
3765.0,0.006079041198713275
3764.0,0.00590291041179003
3763.0,0.005682847330363394
3762.0,0.005594853310833647
3761.0,0.005594853310833647
3760.0,0.005638848091999105
3759.0,0.005638848091999105
3758.0,0.005594853310833647
3757.0,0.00537494623139545
3756.0,0.005155150446602086
3755.0,0.00484762310854614
3754.0,0.00458420145758498
3753.0,0.004408675747646695
3752.0,0.00458420145758498
3751.0,0.00489154225525934
3750.0,0.004935465843858511
3749.0,0.004715892310740433
3748.0,0.004628093971837721
3747.0,0.00484762310854614
3746.0,0.00537494623139545
3745.0,0.00590291041179003
3744.0,0.00590291041179003
3743.0,0.005506877116487674
3742.0,0.00541891874010525
3741.0,0.005638848091999105
3740.0,0.005682847330363394
3739.0,0.005462895701502157
3738.0,0.0052870145684298375
3737.0,0.005330978174470591
3736.0,0.005462895701502157
3735.0,0.00541891874010525
3734.0,0.005330978174470591
3733.0,0.005462895701502157
3732.0,0.005682847330363394
3731.0,0.005858888873877532
3730.0,0.005946936412324799
3729.0,0.006035001804881146
3728.0,0.006167133386013823
3727.0,0.00621118618129457
3726.0,0.006167133386013823
3725.0,0.005990966876386672
3724.0,0.005858888873877532
3723.0,0.005814871797682919
3722.0,0.005858888873877532
3721.0,0.00590291041179003
3720.0,0.006035001804881146
3719.0,0.006167133386013823
3718.0,0.00621118618129457
3717.0,0.006167133386013823
3716.0,0.006035001804881146
3715.0,0.00590291041179003
3714.0,0.005858888873877532
3713.0,0.006035001804881146
3712.0,0.006431517210272464
3711.0,0.006651960076740071
3710.0,0.006651960076740071
3709.0,0.006651960076740071
3708.0,0.006740168563263094
3707.0,0.006872514894289861
3706.0,0.006872514894289861
3705.0,0.006828394969235152
3704.0,0.006740168563263094
3703.0,0.006784279525863024
3702.0,0.006916639301937977
3701.0,0.007004901568658406
3700.0,0.007049039429553483
3699.0,0.007225635744644521
3698.0,0.007490664932224611
3697.0,0.007755855953228474
3696.0,0.007888512213050314
3695.0,0.007888512213050314
3694.0,0.007755855953228474
3693.0,0.007534852191956709
3692.0,0.007225635744644521
3691.0,0.007093181776687496
3690.0,0.007225635744644521
3689.0,0.007402303897961815
3688.0,0.0074464821678643656
3687.0,0.0075790439479759275
3686.0,0.007888512213050314
3685.0,0.008242460465651913
3684.0,0.008419542825660153
3683.0,0.008330992620051436
3682.0,0.008198201155356077
3681.0,0.008021209005416363
3680.0,0.007844288957383316
3679.0,0.00762324020119709
3678.0,0.007534852191956709
3677.0,0.007711646202907652
3676.0,0.008021209005416363
3675.0,0.007800070204414977
3674.0,0.007269796045857202
3673.0,0.007049039429553483
3672.0,0.007269796045857202
3671.0,0.0075790439479759275
3670.0,0.007800070204414977
3669.0,0.007800070204414977
3668.0,0.007844288957383316
3667.0,0.008153946355103248
3666.0,0.008552401996197112
3665.0,0.008818242332126802
3664.0,0.008862564879688284
3663.0,0.008862564879688284
3662.0,0.008773924307505121
3661.0,0.008685301823389224
3660.0,0.00850811108984062
3659.0,0.008375265465994541
3658.0,0.008330992620051436
3657.0,0.008242460465651913
3656.0,0.008021209005416363
3655.0,0.00762324020119709
3654.0,0.007269796045857202
3653.0,0.007049039429553483
3652.0,0.006916639301937977
3651.0,0.006916639301937977
3650.0,0.007137328610972382
3649.0,0.007093181776687496
3648.0,0.006828394969235152
3647.0,0.006740168563263094
3646.0,0.007004901568658406
3645.0,0.007402303897961815
3644.0,0.007800070204414977
3643.0,0.008021209005416363
3642.0,0.008109696063975047
3641.0,0.008065450281052211
3640.0,0.007976972236149349
3639.0,0.007888512213050314
3638.0,0.007800070204414977
3637.0,0.007711646202907652
3636.0,0.007667440952535687
3635.0,0.00762324020119709
3634.0,0.007490664932224611
3633.0,0.007269796045857202
3632.0,0.00696076819309055
3631.0,0.006828394969235152
3630.0,0.007049039429553483
3629.0,0.007313960837872058
3628.0,0.007225635744644521
3627.0,0.007049039429553483
3626.0,0.007181479933320523
3625.0,0.0074464821678643656
3624.0,0.0074464821678643656
3623.0,0.007225635744644521
3622.0,0.007004901568658406
3621.0,0.006872514894289861
3620.0,0.00696076819309055
3619.0,0.007004901568658406
3618.0,0.007004901568658406
3617.0,0.006916639301937977
3616.0,0.006916639301937977
3615.0,0.00696076819309055
3614.0,0.00696076819309055
3613.0,0.006916639301937977
3612.0,0.006916639301937977
3611.0,0.007049039429553483
3610.0,0.007402303897961815
3609.0,0.007844288957383316
3608.0,0.008109696063975047
3607.0,0.008109696063975047
3606.0,0.007976972236149349
3605.0,0.007932739972333236
3604.0,0.007932739972333236
3603.0,0.007976972236149349
3602.0,0.008065450281052211
3601.0,0.008109696063975047
3600.0,0.008021209005416363
3599.0,0.007888512213050314
3598.0,0.007800070204414977
3597.0,0.007800070204414977
3596.0,0.007888512213050314
3595.0,0.007932739972333236
3594.0,0.007888512213050314
3593.0,0.007667440952535687
3592.0,0.0074464821678643656
3591.0,0.007181479933320523
3590.0,0.007004901568658406
3589.0,0.006916639301937977
3588.0,0.00696076819309055
3587.0,0.007004901568658406
3586.0,0.007004901568658406
3585.0,0.007137328610972382
3584.0,0.007402303897961815
3583.0,0.0075790439479759275
3582.0,0.007667440952535687
3581.0,0.00762324020119709
3580.0,0.00762324020119709
3579.0,0.00762324020119709
3578.0,0.007667440952535687
3577.0,0.007755855953228474
3576.0,0.007800070204414977
3575.0,0.007844288957383316
3574.0,0.007844288957383316
3573.0,0.007844288957383316
3572.0,0.007711646202907652
3571.0,0.007490664932224611
3570.0,0.007269796045857202
3569.0,0.007137328610972382
3568.0,0.007181479933320523
3567.0,0.007313960837872058
3566.0,0.007269796045857202
3565.0,0.007269796045857202
3564.0,0.007358130121602358
3563.0,0.0075790439479759275
3562.0,0.007755855953228474
3561.0,0.007844288957383316
3560.0,0.007844288957383316
3559.0,0.007888512213050314
3558.0,0.007976972236149349
3557.0,0.008021209005416363
3556.0,0.008065450281052211
3555.0,0.008065450281052211
3554.0,0.008021209005416363
3553.0,0.008021209005416363
3552.0,0.008065450281052211
3551.0,0.008021209005416363
3550.0,0.007976972236149349
3549.0,0.007888512213050314
3548.0,0.007844288957383316
3547.0,0.007800070204414977
3546.0,0.007755855953228474
3545.0,0.007667440952535687
3544.0,0.007667440952535687
3543.0,0.007800070204414977
3542.0,0.007976972236149349
3541.0,0.008109696063975047
3540.0,0.008242460465651913
3539.0,0.008242460465651913
3538.0,0.008286724286910463
3537.0,0.008375265465994541
3536.0,0.008463824699968647
3535.0,0.008463824699968647
3534.0,0.00850811108984062
3533.0,0.008463824699968647
3532.0,0.008375265465994541
3531.0,0.008286724286910463
3530.0,0.008153946355103248
3529.0,0.008065450281052211
3528.0,0.007932739972333236
3527.0,0.007844288957383316
3526.0,0.007711646202907652
3525.0,0.007711646202907652
3524.0,0.007755855953228474
3523.0,0.007844288957383316
3522.0,0.007976972236149349
3521.0,0.008109696063975047
3520.0,0.008286724286910463
3519.0,0.008463824699968647
3518.0,0.008552401996197112
3517.0,0.008596697419959609
3516.0,0.008596697419959609
3515.0,0.008596697419959609
3514.0,0.008552401996197112
3513.0,0.008552401996197112
3512.0,0.008552401996197112
3511.0,0.008596697419959609
3510.0,0.008596697419959609
3509.0,0.008596697419959609
3508.0,0.008552401996197112
3507.0,0.00850811108984062
3506.0,0.008463824699968647
3505.0,0.008463824699968647
3504.0,0.00850811108984062
3503.0,0.008596697419959609
3502.0,0.008685301823389224
3501.0,0.0087296108049002
3500.0,0.008818242332126802
3499.0,0.008906891951112605
3498.0,0.008906891951112605
3497.0,0.008906891951112605
3496.0,0.008862564879688284
3495.0,0.008773924307505121
3494.0,0.008640997362049818
3493.0,0.008552401996197112
3492.0,0.00850811108984062
3491.0,0.00850811108984062
3490.0,0.008552401996197112
3489.0,0.008640997362049818
3488.0,0.008773924307505121
3487.0,0.008862564879688284
3486.0,0.008818242332126802
3485.0,0.008773924307505121
3484.0,0.008685301823389224
3483.0,0.008640997362049818
3482.0,0.008685301823389224
3481.0,0.008818242332126802
3480.0,0.008951223547323472
3479.0,0.009128595198514056
3478.0,0.009261671492462709
3477.0,0.009306039320248427
3476.0,0.009350411681145587
3475.0,0.009350411681145587
3474.0,0.009350411681145587
3473.0,0.00939478857608056
3472.0,0.009439170005980158
3471.0,0.00939478857608056
3470.0,0.009306039320248427
3469.0,0.009261671492462709
3468.0,0.009306039320248427
3467.0,0.00939478857608056
3466.0,0.009527946474380489
3465.0,0.009572341514736404
3464.0,0.009527946474380489
3463.0,0.009439170005980158
3462.0,0.009306039320248427
3461.0,0.009172949432521227
3460.0,0.00908424549391551
3459.0,0.00908424549391551
3458.0,0.009172949432521227
3457.0,0.009261671492462709
3456.0,0.009306039320248427
3455.0,0.009350411681145587
3454.0,0.00939478857608056
3453.0,0.009439170005980158
3452.0,0.009439170005980158
3451.0,0.00939478857608056
3450.0,0.009261671492462709
3449.0,0.009172949432521227
3448.0,0.00908424549391551
3447.0,0.009039900317800775
3446.0,0.008995559669244813
3445.0,0.008995559669244813
3444.0,0.00908424549391551
3443.0,0.009172949432521227
3442.0,0.009217308196862062
3441.0,0.009172949432521227
3440.0,0.00908424549391551
3439.0,0.009039900317800775
3438.0,0.00908424549391551
3437.0,0.009128595198514056
3436.0,0.009217308196862062
3435.0,0.009217308196862062
3434.0,0.009261671492462709
3433.0,0.009261671492462709
3432.0,0.009261671492462709
3431.0,0.009350411681145587
3430.0,0.00939478857608056
3429.0,0.009483555971770974
3428.0,0.009527946474380489
3427.0,0.009527946474380489
3426.0,0.009483555971770974
3425.0,0.009527946474380489
3424.0,0.009572341514736404
3423.0,0.009616741093766423
3422.0,0.009705553871561357
3421.0,0.00966114521239847
3420.0,0.009572341514736404
3419.0,0.009439170005980158
3418.0,0.009350411681145587
3417.0,0.009306039320248427
3416.0,0.009350411681145587
3415.0,0.009439170005980158
3414.0,0.009527946474380489
3413.0,0.009572341514736404
3412.0,0.009527946474380489
3411.0,0.009439170005980158
3410.0,0.009350411681145587
3409.0,0.009306039320248427
3408.0,0.009350411681145587
3407.0,0.009439170005980158
3406.0,0.009527946474380489
3405.0,0.009572341514736404
3404.0,0.009527946474380489
3403.0,0.009483555971770974
3402.0,0.00939478857608056
3401.0,0.00939478857608056
3400.0,0.009439170005980158
3399.0,0.009483555971770974
3398.0,0.009483555971770974
3397.0,0.009439170005980158
3396.0,0.00939478857608056
3395.0,0.009350411681145587
3394.0,0.00939478857608056
3393.0,0.00939478857608056
3392.0,0.009350411681145587
3391.0,0.009350411681145587
3390.0,0.009350411681145587
3389.0,0.00939478857608056
3388.0,0.009483555971770974
3387.0,0.009483555971770974
3386.0,0.009439170005980158
3385.0,0.009439170005980158
3384.0,0.009439170005980158
3383.0,0.009483555971770974
3382.0,0.009572341514736404
3381.0,0.009616741093766423
3380.0,0.009572341514736404
3379.0,0.009483555971770974
3378.0,0.00939478857608056
3377.0,0.009350411681145587
3376.0,0.009350411681145587
3375.0,0.009350411681145587
3374.0,0.009306039320248427
3373.0,0.009217308196862062
3372.0,0.009128595198514056
3371.0,0.009128595198514056
3370.0,0.009217308196862062
3369.0,0.009306039320248427
3368.0,0.00939478857608056
3367.0,0.009439170005980158
3366.0,0.00939478857608056
3365.0,0.009350411681145587
3364.0,0.009306039320248427
3363.0,0.009261671492462709
3362.0,0.009172949432521227
3361.0,0.009172949432521227
3360.0,0.009128595198514056
3359.0,0.009128595198514056
3358.0,0.009172949432521227
3357.0,0.009217308196862062
3356.0,0.009306039320248427
3355.0,0.009306039320248427
3354.0,0.009306039320248427
3353.0,0.009306039320248427
3352.0,0.009306039320248427
3351.0,0.009350411681145587
3350.0,0.009350411681145587
3349.0,0.009350411681145587
3348.0,0.009261671492462709
3347.0,0.009128595198514056
3346.0,0.009039900317800775
3345.0,0.008995559669244813
3344.0,0.008995559669244813
3343.0,0.009128595198514056
3342.0,0.009261671492462709
3341.0,0.00939478857608056
3340.0,0.00939478857608056
3339.0,0.009261671492462709
3338.0,0.00908424549391551
3337.0,0.008906891951112605
3336.0,0.0087296108049002
3335.0,0.008596697419959609
3334.0,0.008552401996197112
3333.0,0.008596697419959609
3332.0,0.008685301823389224
3331.0,0.0087296108049002
3330.0,0.008818242332126802
3329.0,0.008862564879688284
3328.0,0.008862564879688284
3327.0,0.008862564879688284
3326.0,0.008862564879688284
3325.0,0.008818242332126802
3324.0,0.008773924307505121
3323.0,0.0087296108049002
3322.0,0.008685301823389224
3321.0,0.008640997362049818
3320.0,0.008685301823389224
3319.0,0.008773924307505121
3318.0,0.008862564879688284
3317.0,0.008906891951112605
3316.0,0.008906891951112605
3315.0,0.008818242332126802
3314.0,0.008685301823389224
3313.0,0.008596697419959609
3312.0,0.00850811108984062
3311.0,0.00850811108984062
3310.0,0.00850811108984062
3309.0,0.00850811108984062
3308.0,0.00850811108984062
3307.0,0.00850811108984062
3306.0,0.00850811108984062
3305.0,0.008463824699968647
3304.0,0.008375265465994541
3303.0,0.008286724286910463
3302.0,0.008242460465651913
3301.0,0.008242460465651913
3300.0,0.008286724286910463
3299.0,0.008375265465994541
3298.0,0.008463824699968647
3297.0,0.008552401996197112
3296.0,0.008596697419959609
3295.0,0.008596697419959609
3294.0,0.008552401996197112
3293.0,0.00850811108984062
3292.0,0.008375265465994541
3291.0,0.008242460465651913
3290.0,0.008153946355103248
3289.0,0.008109696063975047
3288.0,0.008109696063975047
3287.0,0.008153946355103248
3286.0,0.008198201155356077
3285.0,0.008153946355103248
3284.0,0.008109696063975047
3283.0,0.008021209005416363
3282.0,0.007976972236149349
3281.0,0.008021209005416363
3280.0,0.008065450281052211
3279.0,0.008153946355103248
3278.0,0.008198201155356077
3277.0,0.008153946355103248
3276.0,0.008065450281052211
3275.0,0.008021209005416363
3274.0,0.008021209005416363
3273.0,0.008065450281052211
3272.0,0.008109696063975047
3271.0,0.008109696063975047
3270.0,0.008109696063975047
3269.0,0.008065450281052211
3268.0,0.008021209005416363
3267.0,0.008021209005416363
3266.0,0.007976972236149349
3265.0,0.007932739972333236
3264.0,0.007844288957383316
3263.0,0.007755855953228474
3262.0,0.007711646202907652
3261.0,0.007755855953228474
3260.0,0.007755855953228474
3259.0,0.007755855953228474
3258.0,0.007755855953228474
3257.0,0.007667440952535687
3256.0,0.00762324020119709
3255.0,0.0075790439479759275
3254.0,0.0075790439479759275
3253.0,0.0075790439479759275
3252.0,0.00762324020119709
3251.0,0.007667440952535687
3250.0,0.007711646202907652
3249.0,0.007711646202907652
3248.0,0.00762324020119709
3247.0,0.0075790439479759275
3246.0,0.0075790439479759275
3245.0,0.0075790439479759275
3244.0,0.00762324020119709
3243.0,0.0075790439479759275
3242.0,0.007490664932224611
3241.0,0.0074464821678643656
3240.0,0.007358130121602358
3239.0,0.007358130121602358
3238.0,0.007358130121602358
3237.0,0.007358130121602358
3236.0,0.007358130121602358
3235.0,0.007358130121602358
3234.0,0.007269796045857202
3233.0,0.007225635744644521
3232.0,0.007181479933320523
3231.0,0.007137328610972382
3230.0,0.007137328610972382
3229.0,0.007181479933320523
3228.0,0.007225635744644521
3227.0,0.007225635744644521
3226.0,0.007225635744644521
3225.0,0.007181479933320523
3224.0,0.007137328610972382
3223.0,0.007049039429553483
3222.0,0.007004901568658406
3221.0,0.00696076819309055
3220.0,0.00696076819309055
3219.0,0.00696076819309055
3218.0,0.007004901568658406
3217.0,0.007004901568658406
3216.0,0.007049039429553483
3215.0,0.007004901568658406
3214.0,0.00696076819309055
3213.0,0.006872514894289861
3212.0,0.006784279525863024
3211.0,0.006740168563263094
3210.0,0.006740168563263094
3209.0,0.006828394969235152
3208.0,0.006916639301937977
3207.0,0.00696076819309055
3206.0,0.007004901568658406
3205.0,0.006916639301937977
3204.0,0.006828394969235152
3203.0,0.006696062080525422
3202.0,0.00656376950238835
3201.0,0.006519680930003435
3200.0,0.006519680930003435
3199.0,0.00656376950238835
3198.0,0.00656376950238835
3197.0,0.006607862550997545
3196.0,0.006607862550997545
3195.0,0.006607862550997545
3194.0,0.006607862550997545
3193.0,0.006607862550997545
3192.0,0.006607862550997545
3191.0,0.00656376950238835
3190.0,0.00656376950238835
3189.0,0.006519680930003435
3188.0,0.006475596832934416
3187.0,0.006387442061109638
3186.0,0.006299305179649828
3185.0,0.00625524344553785
3184.0,0.00621118618129457
3183.0,0.00612308505878878
3182.0,0.006079041198713275
3181.0,0.006035001804881146
3180.0,0.006079041198713275
3179.0,0.00612308505878878
3178.0,0.006167133386013823
3177.0,0.00621118618129457
3176.0,0.006167133386013823
3175.0,0.00612308505878878
3174.0,0.006035001804881146
3173.0,0.006035001804881146
3172.0,0.005990966876386672
3171.0,0.005990966876386672
3170.0,0.005946936412324799
3169.0,0.005946936412324799
3168.0,0.005946936412324799
3167.0,0.005990966876386672
3166.0,0.005946936412324799
3165.0,0.005858888873877532
3164.0,0.005726851026829571
3163.0,0.005682847330363394
3162.0,0.005638848091999105
3161.0,0.005682847330363394
3160.0,0.005682847330363394
3159.0,0.005638848091999105
3158.0,0.005550862985963967
3157.0,0.005506877116487674
3156.0,0.00541891874010525
3155.0,0.00541891874010525
3154.0,0.00541891874010525
3153.0,0.00541891874010525
3152.0,0.005462895701502157
3151.0,0.005506877116487674
3150.0,0.005550862985963967
3149.0,0.005594853310833647
3148.0,0.005594853310833647
3147.0,0.005550862985963967
3146.0,0.00541891874010525
3145.0,0.005330978174470591
3144.0,0.005243055412371911
3143.0,0.005199100705396198
3142.0,0.005199100705396198
3141.0,0.005199100705396198
3140.0,0.005199100705396198
3139.0,0.005155150446602086
3138.0,0.005155150446602086
3137.0,0.005067263269958211
3136.0,0.005023326350308999
3135.0,0.004979393875242044
3134.0,0.004935465843858511
3133.0,0.004935465843858511
3132.0,0.00489154225525934
3131.0,0.00484762310854614
3130.0,0.004803708402820517
3129.0,0.004715892310740433
3128.0,0.004715892310740433
3127.0,0.004715892310740433
3126.0,0.004715892310740433
3125.0,0.004715892310740433
3124.0,0.004715892310740433
3123.0,0.004628093971837721
3122.0,0.00458420145758498
3121.0,0.00458420145758498
3120.0,0.00458420145758498
3119.0,0.00458420145758498
3118.0,0.00458420145758498
3117.0,0.004540313378935901
3116.0,0.0044964297349936455
3115.0,0.004452550524862486
3114.0,0.004408675747646695
3113.0,0.004452550524862486
3112.0,0.004452550524862486
3111.0,0.0044964297349936455
3110.0,0.004452550524862486
3109.0,0.004408675747646695
3108.0,0.0043648054024501
3107.0,0.004320939488377862
3106.0,0.004320939488377862
3105.0,0.004320939488377862
3104.0,0.0043648054024501
3103.0,0.004452550524862486
3102.0,0.004540313378935901
3101.0,0.00458420145758498
3100.0,0.004628093971837721
3099.0,0.004628093971837721
3098.0,0.004628093971837721
3097.0,0.004671990922590297
3096.0,0.004715892310740433
3095.0,0.004759798137184523
3094.0,0.004715892310740433
3093.0,0.004715892310740433
3092.0,0.004628093971837721
3091.0,0.00458420145758498
3090.0,0.004540313378935901
3089.0,0.0044964297349936455
3088.0,0.004540313378935901
3087.0,0.00458420145758498
3086.0,0.004671990922590297
3085.0,0.004715892310740433
3084.0,0.004759798137184523
3083.0,0.004715892310740433
3082.0,0.00458420145758498
3081.0,0.0044964297349936455
3080.0,0.004408675747646695
3079.0,0.004452550524862486
3078.0,0.004540313378935901
3077.0,0.00458420145758498
3076.0,0.00458420145758498
3075.0,0.00458420145758498
3074.0,0.004628093971837721
3073.0,0.004628093971837721
3072.0,0.00458420145758498
3071.0,0.004540313378935901
3070.0,0.004452550524862486
3069.0,0.004320939488377862
3068.0,0.004277078004534696
3067.0,0.004233220950025984
3066.0,0.004233220950025984
3065.0,0.004189368323957332
3064.0,0.004189368323957332
3063.0,0.004189368323957332
3062.0,0.004233220950025984
3061.0,0.004277078004534696
3060.0,0.004320939488377862
3059.0,0.004277078004534696
3058.0,0.004233220950025984
3057.0,0.004233220950025984
3056.0,0.004233220950025984
3055.0,0.004233220950025984
3054.0,0.004277078004534696
3053.0,0.004320939488377862
3052.0,0.004277078004534696
3051.0,0.004277078004534696
3050.0,0.004233220950025984
3049.0,0.004233220950025984
3048.0,0.004277078004534696
3047.0,0.004277078004534696
3046.0,0.004320939488377862
3045.0,0.004320939488377862
3044.0,0.0043648054024501
3043.0,0.004408675747646695
3042.0,0.0044964297349936455
3041.0,0.004540313378935901
3040.0,0.004540313378935901
3039.0,0.004540313378935901
3038.0,0.004540313378935901
3037.0,0.00458420145758498
3036.0,0.004715892310740433
3035.0,0.00484762310854614
3034.0,0.004935465843858511
3033.0,0.005067263269958211
3032.0,0.005155150446602086
3031.0,0.0052870145684298375
3030.0,0.00537494623139545
3029.0,0.00541891874010525
3028.0,0.00541891874010525
3027.0,0.005462895701502157
3026.0,0.005506877116487674
3025.0,0.005638848091999105
3024.0,0.00577085918230158
3023.0,0.00590291041179003
3022.0,0.005990966876386672
3021.0,0.006079041198713275
3020.0,0.006167133386013823
3019.0,0.00625524344553785
3018.0,0.006387442061109638
3017.0,0.00656376950238835
3016.0,0.006740168563263094
3015.0,0.006872514894289861
3014.0,0.00696076819309055
3013.0,0.007049039429553483
3012.0,0.007137328610972382
3011.0,0.007269796045857202
3010.0,0.0074464821678643656
3009.0,0.007667440952535687
3008.0,0.007844288957383316
3007.0,0.008065450281052211
3006.0,0.008242460465651913
3005.0,0.008463824699968647
3004.0,0.008640997362049818
3003.0,0.008773924307505121
3002.0,0.008906891951112605
3001.0,0.00908424549391551
3000.0,0.009261671492462709
2999.0,0.009483555971770974
2998.0,0.00966114521239847
2997.0,0.009838807101520963
2996.0,0.009927665307847056
2995.0,0.01001654169860089
2994.0,0.010149890396819572
2993.0,0.01037222925484893
2992.0,0.01077272626946324
2991.0,0.011307297450183107
2990.0,0.011753276624621556
2989.0,0.012021084124518078
2988.0,0.012021084124518078
2987.0,0.011931796607364653
2986.0,0.011842527443247208
2985.0,0.011797899741219142
2984.0,0.011753276624621556
2983.0,0.011753276624621556
2982.0,0.011797899741219142
2981.0,0.011887159731648111
2980.0,0.012021084124518078
2979.0,0.012199714248127602
2978.0,0.012423105273012602
2977.0,0.012691326268817527
2976.0,0.012914970375878188
2975.0,0.01318349541446362
2974.0,0.013452186585275916
2973.0,0.013765869865004277
2972.0,0.013990068146738865
2971.0,0.014214382227394795
2970.0,0.014349026309051105
2969.0,0.01452861671041239
2968.0,0.014708281407112
2967.0,0.014888020460646079
2966.0,0.015112798935672522
2965.0,0.015292705517326866
2964.0,0.015562705203923999
2963.0,0.015877917138889863
2962.0,0.016193358021584725
2961.0,0.016599261819461697
2960.0,0.017005545341335804
2959.0,0.017412209298337533
2958.0,0.01781925440359733
2957.0,0.018181392829336396
2956.0,0.01845319495476394
2955.0,0.018725167293411005
2954.0,0.01899731005860028
2953.0,0.019360432556262852
2952.0,0.019769308608968306
2951.0,0.02022406727031445
2950.0,0.02081596632558158
2949.0,0.021545566634771474
2948.0,0.022505030926963654
2947.0,0.023741750742954926
2946.0,0.025258095499050004
2945.0,0.027056991894431892
2944.0,0.029095501846216454
2943.0,0.03133029827960798
2942.0,0.03385826726096752
2941.0,0.03663723389626394
2940.0,0.039719535563357944
2939.0,0.043063586155803746
2938.0,0.04672366333269573
2937.0,0.0506099933550872
2936.0,0.054876229877880656
2935.0,0.05943371350990989
2934.0,0.06439198148213077
2933.0,0.06971335275448043
2932.0,0.07546228222451012
2931.0,0.08170748724464438
2930.0,0.0884695376928375
2929.0,0.09582563171583658
2928.0,0.10374943753836186
2927.0,0.11238269966426384
2926.0,0.12176553132495593
2925.0,0.13194363817695853
2924.0,0.14290884532648618
2923.0,0.1545918603782066
2922.0,0.1667891197173912
2921.0,0.17907641211868253
2920.0,0.19097927951632743
2919.0,0.2016256233184388
2918.0,0.2102078322693246
2917.0,0.2159535841918867
2916.0,0.21831641549264935
2915.0,0.21724080737600282
2914.0,0.21317762050081246
2913.0,0.20711825461460287
2912.0,0.19997064075586568
2911.0,0.19239733008350535
2910.0,0.1849538239353694
2909.0,0.1778973313530796
2908.0,0.1714689933548985
2907.0,0.165706487557304
2906.0,0.16045910703103106
2905.0,0.15589576930248672
2904.0,0.15187248943212528
2903.0,0.14843591773651155
2902.0,0.14532966810466452
2901.0,0.14230574221345038
2900.0,0.1394224487555844
2899.0,0.13655817138629134
2898.0,0.13388996015562338
2897.0,0.13135556160517425
2896.0,0.12889429901441463
2895.0,0.12650501774383094
2894.0,0.12401322857151209
2893.0,0.12136332697348307
2892.0,0.11855827805860697
2891.0,0.1157145376603248
2890.0,0.1128329791052256
2889.0,0.11002636159600376
2888.0,0.10718217569042365
2887.0,0.10419084983086901
2886.0,0.10111034407341357
2885.0,0.09794268919153337
2884.0,0.09474395125154866
2883.0,0.09146136782804049
2882.0,0.08820340956274775
2881.0,0.08486409337798806
2880.0,0.08144546944972642
2879.0,0.07805354577058976
2878.0,0.07468790850035045
2877.0,0.0713481533463054
2876.0,0.06823711151882228
2875.0,0.06545105233385295
2874.0,0.06293368798257193
2873.0,0.06078036414518184
2872.0,0.0588862729628985
2871.0,0.057198533682059516
2870.0,0.055764156206519866
2869.0,0.05458065739693696
2868.0,0.05374429280060267
2867.0,0.053351266093323746
2866.0,0.05340037498486727
2865.0,0.05394093961487645
2864.0,0.055122694036304765
2863.0,0.057000406633959555
2862.0,0.05968277842578207
2861.0,0.06333548699992453
2860.0,0.06813548650796819
2859.0,0.07427547306393745
2858.0,0.08181233864107451
2857.0,0.09097914578884403
2856.0,0.10198826120249849
2855.0,0.11492161585077598
2854.0,0.12977172098820566
2853.0,0.1461193498754576
2852.0,0.16298005145909156
2851.0,0.17874856845405884
2850.0,0.19131649087103075
2849.0,0.1990768181867817
2848.0,0.20114226825251436
2847.0,0.19784224681303852
2846.0,0.1902383348928749
2845.0,0.17992996568767428
2844.0,0.16806626953325465
2843.0,0.15589576930248672
2842.0,0.14405705376768396
2841.0,0.13300418688935212
2840.0,0.12303203256741524
2839.0,0.11429961987167014
2838.0,0.10668218838388821
2837.0,0.10007011727213588
2836.0,0.09441997176475758
2835.0,0.08953568400438638
2834.0,0.08523386307414738
2833.0,0.08139308485501817
2832.0,0.07789763319239285
2831.0,0.07479107858799638
2830.0,0.07191154033502922
2829.0,0.06935655895783555
2828.0,0.06706985716921054
2827.0,0.06499684854634524
2826.0,0.06313454102437754
2825.0,0.061380218497318895
2824.0,0.05973260855398799
2823.0,0.058190526991161784
2822.0,0.05680236993107379
2821.0,0.05546797900801881
2820.0,0.05428528594013993
2819.0,0.05310580489767336
2818.0,0.05207638016827354
2817.0,0.051098239029786274
2816.0,0.050171041064686284
2815.0,0.04934311749548925
2814.0,0.04851676924770687
2813.0,0.047691990337874746
2812.0,0.0469171560879138
2811.0,0.046143701775014145
2810.0,0.04541983725624266
2809.0,0.04469717723830824
2808.0,0.04402377775167454
2807.0,0.0433514207947967
2806.0,0.04272802000705722
2805.0,0.04215336629184985
2804.0,0.041627267521392675
2803.0,0.041101805289228244
2802.0,0.04062466342415694
2801.0,0.04019568349166214
2800.0,0.039767126871487646
2799.0,0.03929144831144349
2798.0,0.038816290187564384
2797.0,0.038341651362284734
2796.0,0.03786753070176463
2795.0,0.037488606492403154
2794.0,0.0371100126082089
2793.0,0.03668448861388862
2792.0,0.03625938114211591
2791.0,0.03583468937826462
2790.0,0.03545753392086315
2789.0,0.03503362516890207
2788.0,0.03465716443937783
2787.0,0.03428102975577918
2786.0,0.033905220553829274
2785.0,0.03352973627071565
2784.0,0.033154576345083564
2783.0,0.03282657704446046
2782.0,0.03249882527715853
2781.0,0.032124554451966825
2780.0,0.03179733185715028
2779.0,0.03142366482450232
2778.0,0.031003673351687855
2777.0,0.03067729388779794
2776.0,0.030351159519274695
2775.0,0.030118356253500123
2774.0,0.029885677714903025
2773.0,0.02969962459782227
2772.0,0.02942069428514915
2771.0,0.029234840219232394
2770.0,0.029002634427514717
2769.0,0.028863370523193765
2768.0,0.02863136320857662
2767.0,0.028445846553939003
2766.0,0.028214062120885508
2765.0,0.027936083991977778
2764.0,0.0277045713888604
2763.0,0.02751945012352408
2762.0,0.02738066094037661
2761.0,0.02724191609646076
2760.0,0.02710321556345563
2759.0,0.026872146400301444
2758.0,0.02664120011360227
2757.0,0.026410376572743033
2756.0,0.02617967564731627
2755.0,0.025995203102585407
2754.0,0.025856900097785074
2753.0,0.025764722556973707
2752.0,0.025672564576383117
2751.0,0.02558042614771394
2750.0,0.025488307262671706
2749.0,0.02544225514642018
2748.0,0.025350165561278004
2747.0,0.025258095499050004
2746.0,0.02516604495145991
2745.0,0.02512002699306959
2744.0,0.025074013910237447
2743.0,0.024936003904763915
2742.0,0.024798037742147727
2741.0,0.02461415101053266
2740.0,0.024522236834125355
2739.0,0.024476287039668643
2738.0,0.024476287039668643
2737.0,0.024430342106337877
2736.0,0.024338466818941473
2735.0,0.024246610963712723
2734.0,0.024108863598207186
2733.0,0.023971159908874107
2732.0,0.023833499868024743
2731.0,0.023695883447997224
2730.0,0.02355831062115543
2729.0,0.02342078135989012
2728.0,0.023237476732539397
2727.0,0.023100049017062307
2726.0,0.02296266477531872
2725.0,0.02291687968414724
2724.0,0.022871099419317753
2723.0,0.02282532397981263
2722.0,0.02277955336461468
2721.0,0.022733787572707387
2720.0,0.022642270454698687
2719.0,0.02255077261765881
2718.0,0.022413561996148967
2717.0,0.022230681908425698
2716.0,0.022093572362881675
2715.0,0.021956506090037076
2714.0,0.021910826943857264
2713.0,0.021865152601710403
2712.0,0.021865152601710403
2711.0,0.021865152601710403
2710.0,0.021819483062586187
2709.0,0.021728158389364705
2708.0,0.021636852916117055
2707.0,0.021545566634771474
2706.0,0.0214542995372613
2705.0,0.021363051615525652
2704.0,0.02122621566987748
2703.0,0.021135015652343103
2702.0,0.021043834782408455
2701.0,0.020952673052035298
2700.0,0.020861530453190058
2699.0,0.020770406977844713
2698.0,0.020724852408976924
2697.0,0.020770406977844713
2696.0,0.020770406977844713
2695.0,0.02067930261797568
2694.0,0.020497151212598652
2693.0,0.020315076172974234
2692.0,0.020087589665283012
2691.0,0.019996628416253603
2690.0,0.02004210665933459
2689.0,0.020087589665283012
2688.0,0.020087589665283012
2687.0,0.02004210665933459
2686.0,0.019996628416253603
2685.0,0.019996628416253603
2684.0,0.02004210665933459
2683.0,0.020087589665283012
2682.0,0.020087589665283012
2681.0,0.02004210665933459
2680.0,0.019996628416253603
2679.0,0.01995115493504329
2678.0,0.01995115493504329
2677.0,0.01995115493504329
2676.0,0.01995115493504329
2675.0,0.01990568621470623
2674.0,0.01990568621470623
2673.0,0.01995115493504329
2672.0,0.019996628416253603
2671.0,0.02004210665933459
2670.0,0.020087589665283012
2669.0,0.02013307743509718
2668.0,0.02022406727031445
2667.0,0.02026956933771462
2666.0,0.02036058777709271
2665.0,0.02036058777709271
2664.0,0.02036058777709271
2663.0,0.02036058777709271
2662.0,0.02026956933771462
2661.0,0.02022406727031445
2660.0,0.02013307743509718
2659.0,0.020087589665283012
2658.0,0.020087589665283012
2657.0,0.02013307743509718
2656.0,0.02022406727031445
2655.0,0.02022406727031445
2654.0,0.020178569969774962
2653.0,0.020087589665283012
2652.0,0.01990568621470623
2651.0,0.019769308608968306
2650.0,0.019632973815224997
2649.0,0.01954210772389997
2648.0,0.01949668180660491
2647.0,0.01949668180660491
2646.0,0.01954210772389997
2645.0,0.019632973815224997
2644.0,0.019678413991243593
2643.0,0.019723858922159776
2642.0,0.019723858922159776
2641.0,0.019723858922159776
2640.0,0.019678413991243593
2639.0,0.019678413991243593
2638.0,0.019678413991243593
2637.0,0.019769308608968306
2636.0,0.019860222254245663
2635.0,0.01990568621470623
2634.0,0.01990568621470623
2633.0,0.019814763052665052
2632.0,0.019678413991243593
2631.0,0.01958753839310856
2630.0,0.01949668180660491
2629.0,0.019451260640229506
2628.0,0.019360432556262852
2627.0,0.0192242260373785
2626.0,0.019042683770379876
2625.0,0.018861217359339655
2624.0,0.018679826740892747
2623.0,0.01858915983411169
2622.0,0.018498511851753108
2621.0,0.018498511851753108
2620.0,0.018498511851753108
2619.0,0.018498511851753108
2618.0,0.01845319495476394
2617.0,0.01840788278591865
2616.0,0.01831727262871463
2615.0,0.018226681372252695
2614.0,0.018136109008649592
2613.0,0.018045555530026514
2612.0,0.017909760704207134
2611.0,0.01781925440359733
2610.0,0.017774008325325275
2609.0,0.017728766960431575
2608.0,0.017728766960431575
2607.0,0.01768353030793479
2606.0,0.01759307113620534
2605.0,0.017502630802287644
2604.0,0.017367005605150476
2603.0,0.01727661233145472
2602.0,0.017231422748988034
2601.0,0.017231422748988034
2600.0,0.017231422748988034
2599.0,0.017231422748988034
2598.0,0.017186237868137555
2597.0,0.017141057687924732
2596.0,0.017050711425501408
2595.0,0.016960383953898095
2594.0,0.016824927962187042
2593.0,0.016734647433454652
2592.0,0.016644385668211692
2591.0,0.016599261819461697
2590.0,0.016554142658660398
2589.0,0.016509028184833463
2588.0,0.01646391839700767
2587.0,0.016418813294209356
2586.0,0.016373712875465518
2585.0,0.01632861713980338
2584.0,0.01628352608625061
2583.0,0.016238439713835096
2582.0,0.016238439713835096
2581.0,0.016238439713835096
2580.0,0.016193358021584725
2579.0,0.016193358021584725
2578.0,0.016148281008528276
2577.0,0.016148281008528276
2576.0,0.016103208673694303
2575.0,0.016013078034810446
2574.0,0.01596801972881945
2573.0,0.015922966097169144
2572.0,0.015832872853011715
2571.0,0.01578783323856614
2570.0,0.015697768020096703
2569.0,0.015652742414136167
2568.0,0.015607721475734415
2567.0,0.015562705203923999
2566.0,0.01547268665620738
2565.0,0.015427684378367834
2564.0,0.015427684378367834
2563.0,0.015427684378367834
2562.0,0.015427684378367834
2561.0,0.015427684378367834
2560.0,0.015427684378367834
2559.0,0.015427684378367834
2558.0,0.01538268676325183
2557.0,0.015337693809893471
2556.0,0.015247721884586563
2555.0,0.015202742910707112
2554.0,0.015157768594724175
2553.0,0.015157768594724175
2552.0,0.015112798935672522
2551.0,0.015112798935672522
2550.0,0.015112798935672522
2549.0,0.015112798935672522
2548.0,0.015112798935672522
2547.0,0.015022873584506602
2546.0,0.014932966849499074
2545.0,0.014798141635428141
2544.0,0.014708281407112
2543.0,0.014663358264387139
2542.0,0.014663358264387139
2541.0,0.014663358264387139
2540.0,0.014663358264387139
2539.0,0.014618439768003144
2538.0,0.014618439768003144
2537.0,0.014618439768003144
2536.0,0.01452861671041239
2535.0,0.014438812226654996
2534.0,0.014349026309051105
2533.0,0.014349026309051105
2532.0,0.014349026309051105
2531.0,0.014393916947563534
2530.0,0.0144837121472845
2529.0,0.01452861671041239
2528.0,0.0144837121472845
2527.0,0.014438812226654996
2526.0,0.014393916947563534
2525.0,0.014349026309051105
2524.0,0.014349026309051105
2523.0,0.014304140310157809
2522.0,0.014259258949925524
2521.0,0.014214382227394795
2520.0,0.014124642691606404
2519.0,0.014124642691606404
2518.0,0.014124642691606404
2517.0,0.014169510141607944
2516.0,0.014169510141607944
2515.0,0.014214382227394795
2514.0,0.014169510141607944
2513.0,0.014079779876432497
2512.0,0.013990068146738865
2511.0,0.013900374944870508
2510.0,0.01381070026317599
2509.0,0.01381070026317599
2508.0,0.01385553528947936
2507.0,0.013900374944870508
2506.0,0.013945219230304673
2505.0,0.013990068146738865
2504.0,0.013990068146738865
2503.0,0.013945219230304673
2502.0,0.013900374944870508
2501.0,0.01385553528947936
2500.0,0.01381070026317599
2499.0,0.013765869865004277
2498.0,0.013765869865004277
2497.0,0.01381070026317599
2496.0,0.013765869865004277
2495.0,0.01372104409400876
2494.0,0.013631406429727155
2493.0,0.013586594534531482
2492.0,0.013496984613259544
2491.0,0.013496984613259544
2490.0,0.013452186585275916
2489.0,0.013496984613259544
2488.0,0.013541787262693505
2487.0,0.013586594534531482
2486.0,0.013586594534531482
2485.0,0.013631406429727155
2484.0,0.013586594534531482
2483.0,0.013586594534531482
2482.0,0.013586594534531482
2481.0,0.013586594534531482
2480.0,0.013586594534531482
2479.0,0.013586594534531482
2478.0,0.013631406429727155
2477.0,0.013631406429727155
2476.0,0.013586594534531482
2475.0,0.013496984613259544
2474.0,0.013452186585275916
2473.0,0.013407393177789162
2472.0,0.013362604389846044
2471.0,0.013317820220494436
2470.0,0.013273040668781544
2469.0,0.01318349541446362
2468.0,0.013138729709955221
2467.0,0.013093968619278806
2466.0,0.013049212141483357
2465.0,0.013049212141483357
2464.0,0.013093968619278806
2463.0,0.013049212141483357
2462.0,0.013004460275618523
2461.0,0.012959713020733288
2460.0,0.012959713020733288
2459.0,0.012959713020733288
2458.0,0.013004460275618523
2457.0,0.012959713020733288
2456.0,0.012914970375878188
2455.0,0.012825498912458322
2454.0,0.012780770091995297
2453.0,0.012825498912458322
2452.0,0.012870232340102872
2451.0,0.012870232340102872
2450.0,0.012870232340102872
2449.0,0.012870232340102872
2448.0,0.012825498912458322
2447.0,0.012780770091995297
2446.0,0.012780770091995297
2445.0,0.012780770091995297
2444.0,0.012736045877764557
2443.0,0.012691326268817527
2442.0,0.01264661126420652
2441.0,0.01264661126420652
2440.0,0.012691326268817527
2439.0,0.012736045877764557
2438.0,0.012780770091995297
2437.0,0.012780770091995297
2436.0,0.012780770091995297
2435.0,0.012736045877764557
2434.0,0.012736045877764557
2433.0,0.012736045877764557
2432.0,0.012736045877764557
2431.0,0.012736045877764557
2430.0,0.012780770091995297
2429.0,0.012780770091995297
2428.0,0.012780770091995297
2427.0,0.012736045877764557
2426.0,0.012736045877764557
2425.0,0.012736045877764557
2424.0,0.012736045877764557
2423.0,0.012780770091995297
2422.0,0.012780770091995297
2421.0,0.012736045877764557
2420.0,0.012736045877764557
2419.0,0.012691326268817527
2418.0,0.012736045877764557
2417.0,0.012780770091995297
2416.0,0.012825498912458322
2415.0,0.012825498912458322
2414.0,0.012780770091995297
2413.0,0.012780770091995297
2412.0,0.012780770091995297
2411.0,0.012736045877764557
2410.0,0.012736045877764557
2409.0,0.012691326268817527
2408.0,0.012691326268817527
2407.0,0.012691326268817527
2406.0,0.01264661126420652
2405.0,0.01260190086298274
2404.0,0.012557195064198723
2403.0,0.012512493866907004
2402.0,0.012512493866907004
2401.0,0.012512493866907004
2400.0,0.012512493866907004
2399.0,0.012467797270160563
2398.0,0.012423105273012602
2397.0,0.012378417874516323
2396.0,0.012378417874516323
2395.0,0.012423105273012602
2394.0,0.012423105273012602
2393.0,0.012467797270160563
2392.0,0.012467797270160563
2391.0,0.012423105273012602
2390.0,0.012423105273012602
2389.0,0.012467797270160563
2388.0,0.012467797270160563
2387.0,0.012512493866907004
2386.0,0.01264661126420652
2385.0,0.012780770091995297
2384.0,0.012870232340102872
2383.0,0.012870232340102872
2382.0,0.012736045877764557
2381.0,0.012557195064198723
2380.0,0.012378417874516323
2379.0,0.012244383261476699
2378.0,0.01215504982870197
2377.0,0.012065734767841452
2376.0,0.011931796607364653
2375.0,0.011797899741219142
2374.0,0.011797899741219142
2373.0,0.0119764380713403
2372.0,0.012199714248127602
2371.0,0.012467797270160563
2370.0,0.012780770091995297
2369.0,0.013138729709955221
2368.0,0.013586594534531482
2367.0,0.01403492169512921
2366.0,0.014393916947563534
2365.0,0.014214382227394795
2364.0,0.01322826573375524
2363.0,0.011797899741219142
2362.0,0.010995384301463185
2361.0,0.011218156546359825
2360.0,0.0119764380713403
2359.0,0.012467797270160563
2358.0,0.012512493866907004
2357.0,0.012512493866907004
2356.0,0.012378417874516323
2355.0,0.012021084124518078
2354.0,0.011530229790124524
2353.0,0.011129033935354915
2352.0,0.011129033935354915
2351.0,0.011441043121384498
2350.0,0.011842527443247208
2349.0,0.012110390002254778
2348.0,0.012199714248127602
2347.0,0.012110390002254778
2346.0,0.012065734767841452
2345.0,0.012065734767841452
2344.0,0.012199714248127602
2343.0,0.012423105273012602
2342.0,0.012736045877764557
2341.0,0.012870232340102872
2340.0,0.012691326268817527
2339.0,0.012378417874516323
2338.0,0.012110390002254778
2337.0,0.011931796607364653
2336.0,0.011931796607364653
2335.0,0.011931796607364653
2334.0,0.011797899741219142
2333.0,0.011574829993696856
2332.0,0.011441043121384498
2331.0,0.011485634166333858
2330.0,0.011753276624621556
2329.0,0.012021084124518078
2328.0,0.01215504982870197
2327.0,0.012289056869694281
2326.0,0.012378417874516323
2325.0,0.012557195064198723
2324.0,0.012691326268817527
2323.0,0.01264661126420652
2322.0,0.012467797270160563
2321.0,0.012333735073725371
2320.0,0.012333735073725371
2319.0,0.012423105273012602
2318.0,0.01260190086298274
2317.0,0.012780770091995297
2316.0,0.012959713020733288
2315.0,0.013093968619278806
2314.0,0.013273040668781544
2313.0,0.013407393177789162
2312.0,0.013541787262693505
2311.0,0.013631406429727155
2310.0,0.013586594534531482
2309.0,0.013452186585275916
2308.0,0.013317820220494436
2307.0,0.013273040668781544
2306.0,0.01318349541446362
2305.0,0.013138729709955221
2304.0,0.013138729709955221
2303.0,0.013273040668781544
2302.0,0.013452186585275916
2301.0,0.013586594534531482
2300.0,0.013586594534531482
2299.0,0.013452186585275916
2298.0,0.013317820220494436
2297.0,0.01318349541446362
2296.0,0.013049212141483357
2295.0,0.013004460275618523
2294.0,0.012959713020733288
2293.0,0.012870232340102872
2292.0,0.012780770091995297
2291.0,0.012691326268817527
2290.0,0.01260190086298274
2289.0,0.01260190086298274
2288.0,0.012557195064198723
2287.0,0.012512493866907004
2286.0,0.012512493866907004
2285.0,0.012512493866907004
2284.0,0.012467797270160563
2283.0,0.012467797270160563
2282.0,0.012423105273012602
2281.0,0.012423105273012602
2280.0,0.012467797270160563
2279.0,0.012467797270160563
2278.0,0.012423105273012602
2277.0,0.012333735073725371
2276.0,0.012289056869694281
2275.0,0.012289056869694281
2274.0,0.012289056869694281
2273.0,0.012333735073725371
2272.0,0.012378417874516323
2271.0,0.012333735073725371
2270.0,0.012244383261476699
2269.0,0.012199714248127602
2268.0,0.012199714248127602
2267.0,0.012199714248127602
2266.0,0.01215504982870197
2265.0,0.01215504982870197
2264.0,0.012110390002254778
2263.0,0.012065734767841452
2262.0,0.012021084124518078
2261.0,0.0119764380713403
2260.0,0.0119764380713403
2259.0,0.0119764380713403
2258.0,0.011931796607364653
2257.0,0.011887159731648111
2256.0,0.011797899741219142
2255.0,0.011797899741219142
2254.0,0.011753276624621556
2253.0,0.011753276624621556
2252.0,0.011708658092512314
2251.0,0.011708658092512314
2250.0,0.011708658092512314
2249.0,0.011708658092512314
2248.0,0.011708658092512314
2247.0,0.011753276624621556
2246.0,0.011753276624621556
2245.0,0.011753276624621556
2244.0,0.011708658092512314
2243.0,0.011664044143949504
2242.0,0.011664044143949504
2241.0,0.011664044143949504
2240.0,0.011664044143949504
2239.0,0.011664044143949504
2238.0,0.011664044143949504
2237.0,0.011664044143949504
2236.0,0.011619434777991433
2235.0,0.011574829993696856
2234.0,0.011530229790124524
2233.0,0.011530229790124524
2232.0,0.011485634166333858
2231.0,0.011530229790124524
2230.0,0.011574829993696856
2229.0,0.011619434777991433
2228.0,0.011619434777991433
2227.0,0.011619434777991433
2226.0,0.011574829993696856
2225.0,0.011530229790124524
2224.0,0.011530229790124524
2223.0,0.011530229790124524
2222.0,0.011485634166333858
2221.0,0.011441043121384498
2220.0,0.011396456654336085
2219.0,0.011351874764248926
2218.0,0.011351874764248926
2217.0,0.011396456654336085
2216.0,0.011441043121384498
2215.0,0.011441043121384498
2214.0,0.011441043121384498
2213.0,0.011441043121384498
2212.0,0.011441043121384498
2211.0,0.011441043121384498
2210.0,0.011441043121384498
2209.0,0.011441043121384498
2208.0,0.011441043121384498
2207.0,0.011441043121384498
2206.0,0.011485634166333858
2205.0,0.011485634166333858
2204.0,0.011485634166333858
2203.0,0.011441043121384498
2202.0,0.011396456654336085
2201.0,0.011351874764248926
2200.0,0.011307297450183107
2199.0,0.011262724711199823
2198.0,0.011262724711199823
2197.0,0.011262724711199823
2196.0,0.011351874764248926
2195.0,0.011396456654336085
2194.0,0.011351874764248926
2193.0,0.011262724711199823
2192.0,0.011218156546359825
2191.0,0.011218156546359825
2190.0,0.011218156546359825
2189.0,0.011262724711199823
2188.0,0.011218156546359825
2187.0,0.01117359295472431
2186.0,0.01117359295472431
2185.0,0.011218156546359825
2184.0,0.011262724711199823
2183.0,0.011307297450183107
2182.0,0.011351874764248926
2181.0,0.011307297450183107
2180.0,0.011218156546359825
2179.0,0.01117359295472431
2178.0,0.01117359295472431
2177.0,0.011218156546359825
2176.0,0.011262724711199823
2175.0,0.011262724711199823
2174.0,0.011218156546359825
2173.0,0.011218156546359825
2172.0,0.011218156546359825
2171.0,0.011262724711199823
2170.0,0.011307297450183107
2169.0,0.011351874764248926
2168.0,0.011307297450183107
2167.0,0.011262724711199823
2166.0,0.011262724711199823
2165.0,0.011218156546359825
2164.0,0.011262724711199823
2163.0,0.011262724711199823
2162.0,0.011307297450183107
2161.0,0.011351874764248926
2160.0,0.011351874764248926
2159.0,0.011351874764248926
2158.0,0.011307297450183107
2157.0,0.011307297450183107
2156.0,0.011307297450183107
2155.0,0.011307297450183107
2154.0,0.011307297450183107
2153.0,0.011396456654336085
2152.0,0.011441043121384498
2151.0,0.011441043121384498
2150.0,0.011441043121384498
2149.0,0.011441043121384498
2148.0,0.011441043121384498
2147.0,0.011441043121384498
2146.0,0.011396456654336085
2145.0,0.011351874764248926
2144.0,0.011262724711199823
2143.0,0.011218156546359825
2142.0,0.011218156546359825
2141.0,0.011218156546359825
2140.0,0.011218156546359825
2139.0,0.011218156546359825
2138.0,0.011218156546359825
2137.0,0.01117359295472431
2136.0,0.011084479487313281
2135.0,0.010995384301463185
2134.0,0.010950843561779777
2133.0,0.010950843561779777
2132.0,0.010950843561779777
2131.0,0.010995384301463185
2130.0,0.011039929609661936
2129.0,0.011084479487313281
2128.0,0.011129033935354915
2127.0,0.011129033935354915
2126.0,0.011084479487313281
2125.0,0.011084479487313281
2124.0,0.011084479487313281
2123.0,0.011039929609661936
2122.0,0.010995384301463185
2121.0,0.010950843561779777
2120.0,0.010906307389674463
2119.0,0.01086177578421088
2118.0,0.010906307389674463
2117.0,0.010906307389674463
2116.0,0.010906307389674463
2115.0,0.010906307389674463
2114.0,0.010906307389674463
2113.0,0.010906307389674463
2112.0,0.010950843561779777
2111.0,0.010995384301463185
2110.0,0.010995384301463185
2109.0,0.011039929609661936
2108.0,0.011039929609661936
2107.0,0.011039929609661936
2106.0,0.010995384301463185
2105.0,0.010950843561779777
2104.0,0.010906307389674463
2103.0,0.01086177578421088
2102.0,0.01086177578421088
2101.0,0.010906307389674463
2100.0,0.01086177578421088
2099.0,0.010817248744452446
2098.0,0.01077272626946324
2097.0,0.01077272626946324
2096.0,0.010817248744452446
2095.0,0.010906307389674463
2094.0,0.010950843561779777
2093.0,0.010950843561779777
2092.0,0.010906307389674463
2091.0,0.010906307389674463
2090.0,0.010906307389674463
2089.0,0.01086177578421088
2088.0,0.010817248744452446
2087.0,0.01077272626946324
2086.0,0.010817248744452446
2085.0,0.01086177578421088
2084.0,0.010906307389674463
2083.0,0.010906307389674463
2082.0,0.010906307389674463
2081.0,0.010906307389674463
2080.0,0.010817248744452446
2079.0,0.010817248744452446
2078.0,0.01077272626946324
2077.0,0.010728208358306901
2076.0,0.010683695010048622
2075.0,0.010639186223752484
2074.0,0.010594681998483901
2073.0,0.010550182333308289
2072.0,0.010594681998483901
2071.0,0.010639186223752484
2070.0,0.010683695010048622
2069.0,0.010683695010048622
2068.0,0.010683695010048622
2067.0,0.010639186223752484
2066.0,0.010639186223752484
2065.0,0.010683695010048622
2064.0,0.010683695010048622
2063.0,0.010728208358306901
2062.0,0.01077272626946324
2061.0,0.01077272626946324
2060.0,0.01077272626946324
2059.0,0.01077272626946324
2058.0,0.01077272626946324
2057.0,0.01077272626946324
2056.0,0.01077272626946324
2055.0,0.01077272626946324
2054.0,0.010817248744452446
2053.0,0.010817248744452446
2052.0,0.01086177578421088
2051.0,0.01086177578421088
2050.0,0.01086177578421088
2049.0,0.01086177578421088
2048.0,0.01086177578421088
2047.0,0.010817248744452446
2046.0,0.010817248744452446
2045.0,0.01086177578421088
2044.0,0.01086177578421088
2043.0,0.01086177578421088
2042.0,0.01086177578421088
2041.0,0.01086177578421088
2040.0,0.01086177578421088
2039.0,0.01086177578421088
2038.0,0.010906307389674463
2037.0,0.010950843561779777
2036.0,0.010995384301463185
2035.0,0.011039929609661936
2034.0,0.011084479487313281
2033.0,0.011084479487313281
2032.0,0.011129033935354915
2031.0,0.01117359295472431
2030.0,0.011262724711199823
2029.0,0.011262724711199823
2028.0,0.011262724711199823
2027.0,0.011218156546359825
2026.0,0.011218156546359825
2025.0,0.011262724711199823
2024.0,0.011307297450183107
2023.0,0.011351874764248926
2022.0,0.011351874764248926
2021.0,0.011351874764248926
2020.0,0.011351874764248926
2019.0,0.011351874764248926
2018.0,0.011396456654336085
2017.0,0.011441043121384498
2016.0,0.011485634166333858
2015.0,0.011396456654336085
2014.0,0.011307297450183107
2013.0,0.011218156546359825
2012.0,0.01117359295472431
2011.0,0.011084479487313281
2010.0,0.011039929609661936
2009.0,0.010995384301463185
2008.0,0.010950843561779777
2007.0,0.010906307389674463
2006.0,0.010906307389674463
2005.0,0.01086177578421088
2004.0,0.01086177578421088
2003.0,0.010817248744452446
2002.0,0.01077272626946324
2001.0,0.010683695010048622
2000.0,0.010639186223752484
1999.0,0.010639186223752484
1998.0,0.010683695010048622
1997.0,0.010683695010048622
1996.0,0.010683695010048622
1995.0,0.010683695010048622
1994.0,0.010639186223752484
1993.0,0.010639186223752484
1992.0,0.010594681998483901
1991.0,0.010505687227290839
1990.0,0.010505687227290839
1989.0,0.010550182333308289
1988.0,0.010594681998483901
1987.0,0.010639186223752484
1986.0,0.010639186223752484
1985.0,0.010683695010048622
1984.0,0.010683695010048622
1983.0,0.010683695010048622
1982.0,0.010639186223752484
1981.0,0.010594681998483901
1980.0,0.010594681998483901
1979.0,0.010594681998483901
1978.0,0.010639186223752484
1977.0,0.010683695010048622
1976.0,0.010683695010048622
1975.0,0.010639186223752484
1974.0,0.010594681998483901
1973.0,0.010550182333308289
1972.0,0.010505687227290839
1971.0,0.010505687227290839
1970.0,0.010550182333308289
1969.0,0.010594681998483901
1968.0,0.010639186223752484
1967.0,0.010683695010048622
1966.0,0.010728208358306901
1965.0,0.010728208358306901
1964.0,0.010683695010048622
1963.0,0.010639186223752484
1962.0,0.010550182333308289
1961.0,0.010505687227290839
1960.0,0.010505687227290839
1959.0,0.010505687227290839
1958.0,0.010550182333308289
1957.0,0.010550182333308289
1956.0,0.010550182333308289
1955.0,0.010550182333308289
1954.0,0.010550182333308289
1953.0,0.010505687227290839
1952.0,0.010505687227290839
1951.0,0.01046119667949763
1950.0,0.010416710688994968
1949.0,0.010416710688994968
1948.0,0.010416710688994968
1947.0,0.01046119667949763
1946.0,0.01046119667949763
1945.0,0.010505687227290839
1944.0,0.010505687227290839
1943.0,0.010505687227290839
1942.0,0.010550182333308289
1941.0,0.010550182333308289
1940.0,0.010550182333308289
1939.0,0.010505687227290839
1938.0,0.01046119667949763
1937.0,0.010416710688994968
1936.0,0.010416710688994968
1935.0,0.01046119667949763
1934.0,0.010550182333308289
1933.0,0.010639186223752484
1932.0,0.010728208358306901
1931.0,0.010728208358306901
1930.0,0.010728208358306901
1929.0,0.010683695010048622
1928.0,0.010639186223752484
1927.0,0.010594681998483901
1926.0,0.010550182333308289
1925.0,0.010594681998483901
1924.0,0.010594681998483901
1923.0,0.010639186223752484
1922.0,0.010639186223752484
1921.0,0.010683695010048622
1920.0,0.010728208358306901
1919.0,0.010683695010048622
1918.0,0.010639186223752484
1917.0,0.010594681998483901
1916.0,0.010550182333308289
1915.0,0.010550182333308289
1914.0,0.010594681998483901
1913.0,0.010594681998483901
1912.0,0.010594681998483901
1911.0,0.010550182333308289
1910.0,0.010505687227290839
1909.0,0.010505687227290839
1908.0,0.010550182333308289
1907.0,0.010594681998483901
1906.0,0.010683695010048622
1905.0,0.01077272626946324
1904.0,0.010817248744452446
1903.0,0.010906307389674463
1902.0,0.010950843561779777
1901.0,0.010950843561779777
1900.0,0.010906307389674463
1899.0,0.01086177578421088
1898.0,0.01086177578421088
1897.0,0.01086177578421088
1896.0,0.01086177578421088
1895.0,0.010817248744452446
1894.0,0.01077272626946324
1893.0,0.01077272626946324
1892.0,0.010683695010048622
1891.0,0.010639186223752484
1890.0,0.010550182333308289
1889.0,0.010505687227290839
1888.0,0.010505687227290839
1887.0,0.01046119667949763
1886.0,0.010416710688994968
1885.0,0.010327752376126709
1884.0,0.01023881228122181
1883.0,0.010194349063173958
1882.0,0.010149890396819572
1881.0,0.010105436281226954
1880.0,0.010105436281226954
1879.0,0.010060986715464404
1878.0,0.01001654169860089
1877.0,0.01001654169860089
1876.0,0.010060986715464404
1875.0,0.010060986715464404
1874.0,0.01001654169860089
1873.0,0.009972101229705377
1872.0,0.009927665307847056
1871.0,0.009838807101520963
1870.0,0.00974996707218323
1869.0,0.00974996707218323
1868.0,0.00974996707218323
1867.0,0.00974996707218323
1866.0,0.00974996707218323
1865.0,0.009794384815193347
1864.0,0.009794384815193347
1863.0,0.00974996707218323
1862.0,0.00974996707218323
1861.0,0.00974996707218323
1860.0,0.009705553871561357
1859.0,0.009705553871561357
1858.0,0.009705553871561357
1857.0,0.009705553871561357
1856.0,0.00966114521239847
1855.0,0.009616741093766423
1854.0,0.009616741093766423
1853.0,0.009616741093766423
1852.0,0.009616741093766423
1851.0,0.009572341514736404
1850.0,0.009527946474380489
1849.0,0.009483555971770974
1848.0,0.009483555971770974
1847.0,0.009483555971770974
1846.0,0.009483555971770974
1845.0,0.009527946474380489
1844.0,0.009572341514736404
1843.0,0.009572341514736404
1842.0,0.009616741093766423
1841.0,0.009705553871561357
1840.0,0.009705553871561357
1839.0,0.00966114521239847
1838.0,0.009616741093766423
1837.0,0.009616741093766423
1836.0,0.009616741093766423
1835.0,0.009572341514736404
1834.0,0.009527946474380489
1833.0,0.009483555971770974
1832.0,0.009439170005980158
1831.0,0.009350411681145587
1830.0,0.009350411681145587
1829.0,0.009350411681145587
1828.0,0.00939478857608056
1827.0,0.009527946474380489
1826.0,0.009616741093766423
1825.0,0.00966114521239847
1824.0,0.00966114521239847
1823.0,0.009616741093766423
1822.0,0.00966114521239847
1821.0,0.009705553871561357
1820.0,0.009705553871561357
1819.0,0.009616741093766423
1818.0,0.009616741093766423
1817.0,0.009616741093766423
1816.0,0.009616741093766423
1815.0,0.009527946474380489
1814.0,0.009483555971770974
1813.0,0.00939478857608056
1812.0,0.00939478857608056
1811.0,0.009439170005980158
1810.0,0.009483555971770974
1809.0,0.009527946474380489
1808.0,0.009527946474380489
1807.0,0.009483555971770974
1806.0,0.00939478857608056
1805.0,0.009306039320248427
1804.0,0.009306039320248427
1803.0,0.009261671492462709
1802.0,0.009306039320248427
1801.0,0.009439170005980158
1800.0,0.009483555971770974
1799.0,0.009439170005980158
1798.0,0.009350411681145587
1797.0,0.009306039320248427
1796.0,0.009261671492462709
1795.0,0.009217308196862062
1794.0,0.009217308196862062
1793.0,0.009217308196862062
1792.0,0.009306039320248427
1791.0,0.009306039320248427
1790.0,0.009350411681145587
1789.0,0.00939478857608056
1788.0,0.00939478857608056
1787.0,0.009350411681145587
1786.0,0.00939478857608056
1785.0,0.009439170005980158
1784.0,0.009439170005980158
1783.0,0.00939478857608056
1782.0,0.009350411681145587
1781.0,0.009350411681145587
1780.0,0.00939478857608056
1779.0,0.00939478857608056
1778.0,0.00939478857608056
1777.0,0.009350411681145587
1776.0,0.009306039320248427
1775.0,0.009217308196862062
1774.0,0.009172949432521227
1773.0,0.009128595198514056
1772.0,0.009128595198514056
1771.0,0.00908424549391551
1770.0,0.009172949432521227
1769.0,0.009350411681145587
1768.0,0.009483555971770974
1767.0,0.009439170005980158
1766.0,0.00939478857608056
1765.0,0.00939478857608056
1764.0,0.00939478857608056
1763.0,0.00939478857608056
1762.0,0.009439170005980158
1761.0,0.009439170005980158
1760.0,0.009483555971770974
1759.0,0.009572341514736404
1758.0,0.009616741093766423
1757.0,0.009616741093766423
1756.0,0.00966114521239847
1755.0,0.00966114521239847
1754.0,0.00966114521239847
1753.0,0.00966114521239847
1752.0,0.009616741093766423
1751.0,0.009572341514736404
1750.0,0.009572341514736404
1749.0,0.00966114521239847
1748.0,0.009794384815193347
1747.0,0.009883233932095559
1746.0,0.009972101229705377
1745.0,0.01001654169860089
1744.0,0.010105436281226954
1743.0,0.010149890396819572
1742.0,0.010149890396819572
1741.0,0.010194349063173958
1740.0,0.010283280051895272
1739.0,0.01023881228122181
1738.0,0.01023881228122181
1737.0,0.010283280051895272
1736.0,0.010283280051895272
1735.0,0.01023881228122181
1734.0,0.010060986715464404
1733.0,0.009705553871561357
1732.0,0.009572341514736404
1731.0,0.009705553871561357
1730.0,0.009794384815193347
1729.0,0.009838807101520963
1728.0,0.009794384815193347
1727.0,0.00974996707218323
1726.0,0.00966114521239847
1725.0,0.009616741093766423
1724.0,0.009616741093766423
1723.0,0.009572341514736404
1722.0,0.009527946474380489
1721.0,0.009527946474380489
1720.0,0.009572341514736404
1719.0,0.009616741093766423
1718.0,0.00974996707218323
1717.0,0.009883233932095559
1716.0,0.009883233932095559
1715.0,0.009883233932095559
1714.0,0.009883233932095559
1713.0,0.009927665307847056
1712.0,0.009927665307847056
1711.0,0.009883233932095559
1710.0,0.009838807101520963
1709.0,0.009794384815193347
1708.0,0.00974996707218323
1707.0,0.00966114521239847
1706.0,0.009572341514736404
1705.0,0.009483555971770974
1704.0,0.009527946474380489
1703.0,0.00966114521239847
1702.0,0.00974996707218323
1701.0,0.009794384815193347
1700.0,0.009705553871561357
1699.0,0.009572341514736404
1698.0,0.009794384815193347
1697.0,0.010149890396819572
1696.0,0.010283280051895272
1695.0,0.010060986715464404
1694.0,0.009883233932095559
1693.0,0.009927665307847056
1692.0,0.009972101229705377
1691.0,0.009927665307847056
1690.0,0.009838807101520963
1689.0,0.009883233932095559
1688.0,0.009927665307847056
1687.0,0.009972101229705377
1686.0,0.009883233932095559
1685.0,0.009972101229705377
1684.0,0.010194349063173958
1683.0,0.010060986715464404
1682.0,0.010105436281226954
1681.0,0.010283280051895272
1680.0,0.010327752376126709
1679.0,0.010327752376126709
1678.0,0.01037222925484893
1677.0,0.01046119667949763
1676.0,0.010550182333308289
1675.0,0.010550182333308289
1674.0,0.010416710688994968
1673.0,0.01037222925484893
1672.0,0.01037222925484893
1671.0,0.010327752376126709
1670.0,0.01046119667949763
1669.0,0.010550182333308289
1668.0,0.010594681998483901
1667.0,0.010639186223752484
1666.0,0.010639186223752484
1665.0,0.010639186223752484
1664.0,0.010683695010048622
1663.0,0.010817248744452446
1662.0,0.010906307389674463
1661.0,0.010950843561779777
1660.0,0.010950843561779777
1659.0,0.010950843561779777
1658.0,0.010950843561779777
1657.0,0.010950843561779777
1656.0,0.010995384301463185
1655.0,0.010995384301463185
1654.0,0.011396456654336085
1653.0,0.011708658092512314
1652.0,0.01117359295472431
1651.0,0.010950843561779777
1650.0,0.011039929609661936
1649.0,0.010995384301463185
1648.0,0.011039929609661936
1647.0,0.011262724711199823
1646.0,0.011396456654336085
1645.0,0.011351874764248926
1644.0,0.011351874764248926
1643.0,0.011307297450183107
1642.0,0.011218156546359825
1641.0,0.011129033935354915
1640.0,0.011039929609661936
1639.0,0.010950843561779777
1638.0,0.01086177578421088
1637.0,0.010906307389674463
1636.0,0.011084479487313281
1635.0,0.011039929609661936
1634.0,0.010906307389674463
1633.0,0.010906307389674463
1632.0,0.010950843561779777
1631.0,0.010906307389674463
1630.0,0.01077272626946324
1629.0,0.010728208358306901
1628.0,0.010639186223752484
1627.0,0.010594681998483901
1626.0,0.010594681998483901
1625.0,0.010594681998483901
1624.0,0.010639186223752484
1623.0,0.010639186223752484
1622.0,0.010594681998483901
1621.0,0.010505687227290839
1620.0,0.010416710688994968
1619.0,0.010327752376126709
1618.0,0.010194349063173958
1617.0,0.010149890396819572
1616.0,0.010105436281226954
1615.0,0.010060986715464404
1614.0,0.010060986715464404
1613.0,0.010105436281226954
1612.0,0.01001654169860089
1611.0,0.009972101229705377
1610.0,0.010060986715464404
1609.0,0.010194349063173958
1608.0,0.01023881228122181
1607.0,0.01023881228122181
1606.0,0.010194349063173958
1605.0,0.010105436281226954
1604.0,0.010060986715464404
1603.0,0.010060986715464404
1602.0,0.010105436281226954
1601.0,0.010105436281226954
1600.0,0.010105436281226954
1599.0,0.010105436281226954
1598.0,0.010105436281226954
1597.0,0.010105436281226954
1596.0,0.010105436281226954
1595.0,0.010105436281226954
1594.0,0.010105436281226954
1593.0,0.010149890396819572
1592.0,0.01023881228122181
1591.0,0.010283280051895272
1590.0,0.01037222925484893
1589.0,0.010416710688994968
1588.0,0.01046119667949763
1587.0,0.010505687227290839
1586.0,0.010594681998483901
1585.0,0.010683695010048622
1584.0,0.01077272626946324
1583.0,0.01086177578421088
1582.0,0.010950843561779777
1581.0,0.010995384301463185
1580.0,0.010995384301463185
1579.0,0.010950843561779777
1578.0,0.010950843561779777
1577.0,0.010995384301463185
1576.0,0.011039929609661936
1575.0,0.01086177578421088
1574.0,0.010728208358306901
1573.0,0.010683695010048622
1572.0,0.010594681998483901
1571.0,0.010416710688994968
1570.0,0.010283280051895272
1569.0,0.010105436281226954
1568.0,0.01001654169860089
1567.0,0.009927665307847056
1566.0,0.009883233932095559
1565.0,0.00974996707218323
1564.0,0.00966114521239847
1563.0,0.00966114521239847
1562.0,0.00966114521239847
1561.0,0.009439170005980158
1560.0,0.009350411681145587
1559.0,0.009883233932095559
1558.0,0.009794384815193347
1557.0,0.00966114521239847
1556.0,0.009838807101520963
1555.0,0.009838807101520963
1554.0,0.009794384815193347
1553.0,0.00974996707218323
1552.0,0.009794384815193347
1551.0,0.009838807101520963
1550.0,0.009883233932095559
1549.0,0.01001654169860089
1548.0,0.010060986715464404
1547.0,0.010105436281226954
1546.0,0.010105436281226954
1545.0,0.010149890396819572
1544.0,0.010283280051895272
1543.0,0.010327752376126709
1542.0,0.010283280051895272
1541.0,0.010416710688994968
1540.0,0.010594681998483901
1539.0,0.01023881228122181
1538.0,0.009927665307847056
1537.0,0.009927665307847056
1536.0,0.009883233932095559
1535.0,0.009705553871561357
1534.0,0.009527946474380489
1533.0,0.009439170005980158
1532.0,0.009350411681145587
1531.0,0.009217308196862062
1530.0,0.00908424549391551
1529.0,0.008995559669244813
1528.0,0.008906891951112605
1527.0,0.008818242332126802
1526.0,0.008640997362049818
1525.0,0.008552401996197112
1524.0,0.008463824699968647
1523.0,0.008375265465994541
1522.0,0.008242460465651913
1521.0,0.008198201155356077
1520.0,0.008109696063975047
1519.0,0.007932739972333236
1518.0,0.007844288957383316
1517.0,0.008021209005416363
1516.0,0.008242460465651913
1515.0,0.008330992620051436
1514.0,0.008330992620051436
1513.0,0.008242460465651913
1512.0,0.008153946355103248
1511.0,0.007932739972333236
1510.0,0.007711646202907652
1509.0,0.007667440952535687
1508.0,0.008065450281052211
1507.0,0.00850811108984062
1506.0,0.008419542825660153
1505.0,0.008286724286910463
1504.0,0.008375265465994541
1503.0,0.008375265465994541
1502.0,0.008286724286910463
1501.0,0.008330992620051436
1500.0,0.008419542825660153
1499.0,0.008463824699968647
1498.0,0.008463824699968647
1497.0,0.008596697419959609
1496.0,0.008685301823389224
1495.0,0.008596697419959609
1494.0,0.00850811108984062
1493.0,0.008552401996197112
1492.0,0.008640997362049818
1491.0,0.00850811108984062
1490.0,0.00850811108984062
1489.0,0.008862564879688284
1488.0,0.009217308196862062
1487.0,0.009350411681145587
1486.0,0.009439170005980158
1485.0,0.009794384815193347
1484.0,0.010283280051895272
1483.0,0.010728208358306901
1482.0,0.011485634166333858
1481.0,0.012780770091995297
1480.0,0.0144837121472845
1479.0,0.016870075265299933
1478.0,0.021271822861508305
1477.0,0.029467170231675777
1476.0,0.04181850243505214
1475.0,0.0571489934456626
1474.0,0.07458476291575367
1473.0,0.09012318200960712
1472.0,0.09587978652380036
1471.0,0.09237369515673355
1470.0,0.0862920860195171
1469.0,0.08086958613938555
1468.0,0.07680780957933253
1467.0,0.07489427319033615
1466.0,0.07717078033335123
1465.0,0.08438913733853282
1464.0,0.09248115389337075
1463.0,0.09571734235437201
1462.0,0.09280368972839836
1461.0,0.08502252755566908
1460.0,0.07443009045662374
1459.0,0.06323500239005853
1458.0,0.05369514500652506
1457.0,0.04744970610179822
1456.0,0.0437835307566099
1455.0,0.04124505013091051
1454.0,0.039006291057664066
1453.0,0.03658998431977123
1452.0,0.03432802877989327
1451.0,0.03249882527715853
1450.0,0.031143625385307683
1449.0,0.029978734171634214
1448.0,0.02890978686288448
1447.0,0.02812138297373412
1446.0,0.02747318213414429
1445.0,0.026872146400301444
1444.0,0.026271941311972746
1443.0,0.025856900097785074
1442.0,0.02553436426275746
1441.0,0.02516604495145991
1440.0,0.024798037742147727
1439.0,0.024430342106337877
1438.0,0.024154774532432866
1437.0,0.023925268380126097
1436.0,0.02355831062115543
1435.0,0.023054249440757957
1434.0,0.02255077261765881
1433.0,0.021865152601710403
1432.0,0.021135015652343103
1431.0,0.020497151212598652
1430.0,0.01995115493504329
1429.0,0.019360432556262852
1428.0,0.018815862601645694
1427.0,0.01840788278591865
1426.0,0.01800028587012159
1425.0,0.01759307113620534
1424.0,0.017231422748988034
1423.0,0.017095882207371904
1422.0,0.016915227262211507
1421.0,0.016734647433454652
1420.0,0.016554142658660398
1419.0,0.016644385668211692
1418.0,0.016689514205884493
1417.0,0.016644385668211692
1416.0,0.016554142658660398
1415.0,0.016509028184833463
1414.0,0.016509028184833463
1413.0,0.01646391839700767
1412.0,0.016509028184833463
1411.0,0.016554142658660398
1410.0,0.016509028184833463
1409.0,0.016373712875465518
1408.0,0.016193358021584725
1407.0,0.016013078034810446
1406.0,0.015877917138889863
1405.0,0.015697768020096703
1404.0,0.01547268665620738
1403.0,0.015247721884586563
1402.0,0.014977917890464765
1401.0,0.014663358264387139
1400.0,0.014304140310157809
1399.0,0.014169510141607944
1398.0,0.014169510141607944
1397.0,0.014304140310157809
1396.0,0.014708281407112
1395.0,0.015247721884586563
1394.0,0.01538268676325183
1393.0,0.015067833932588037
1392.0,0.01452861671041239
1391.0,0.014169510141607944
1390.0,0.013945219230304673
1389.0,0.013900374944870508
1388.0,0.013990068146738865
1387.0,0.014214382227394795
1386.0,0.014438812226654996
1385.0,0.014573525916998342
1384.0,0.014753209197138295
1383.0,0.015022873584506602
1382.0,0.01538268676325183
1381.0,0.01578783323856614
1380.0,0.016103208673694303
1379.0,0.016373712875465518
1378.0,0.016418813294209356
1377.0,0.01628352608625061
1376.0,0.016148281008528276
1375.0,0.016103208673694303
1374.0,0.016148281008528276
1373.0,0.01628352608625061
1372.0,0.016418813294209356
1371.0,0.016554142658660398
1370.0,0.016689514205884493
1369.0,0.016689514205884493
1368.0,0.016554142658660398
1367.0,0.016373712875465518
1366.0,0.016148281008528276
1365.0,0.015832872853011715
1364.0,0.015562705203923999
1363.0,0.015337693809893471
1362.0,0.015157768594724175
1361.0,0.014888020460646079
1360.0,0.014618439768003144
1359.0,0.014393916947563534
1358.0,0.014259258949925524
1357.0,0.014169510141607944
1356.0,0.014079779876432497
1355.0,0.014124642691606404
1354.0,0.014124642691606404
1353.0,0.014079779876432497
1352.0,0.013945219230304673
1351.0,0.01381070026317599
1350.0,0.013676222949234651
1349.0,0.013496984613259544
1348.0,0.013317820220494436
1347.0,0.013049212141483357
1346.0,0.012825498912458322
1345.0,0.012512493866907004
1344.0,0.012289056869694281
1343.0,0.012065734767841452
1342.0,0.011931796607364653
1341.0,0.011753276624621556
1340.0,0.011664044143949504
1339.0,0.011619434777991433
1338.0,0.011574829993696856
1337.0,0.011485634166333858
1336.0,0.011307297450183107
1335.0,0.011129033935354915
1334.0,0.010995384301463185
1333.0,0.010906307389674463
1332.0,0.010817248744452446
1331.0,0.010817248744452446
1330.0,0.010817248744452446
1329.0,0.01086177578421088
1328.0,0.010906307389674463
1327.0,0.010950843561779777
1326.0,0.010995384301463185
1325.0,0.011039929609661936
1324.0,0.011084479487313281
1323.0,0.01117359295472431
1322.0,0.011262724711199823
1321.0,0.011351874764248926
1320.0,0.011441043121384498
1319.0,0.011574829993696856
1318.0,0.011753276624621556
1317.0,0.011842527443247208
1316.0,0.011931796607364653
1315.0,0.012021084124518078
1314.0,0.01215504982870197
1313.0,0.012333735073725371
1312.0,0.012423105273012602
1311.0,0.012557195064198723
1310.0,0.01264661126420652
1309.0,0.012780770091995297
1308.0,0.012825498912458322
1307.0,0.012914970375878188
1306.0,0.012914970375878188
1305.0,0.012870232340102872
1304.0,0.012870232340102872
1303.0,0.012914970375878188
1302.0,0.012959713020733288
1301.0,0.012914970375878188
1300.0,0.012825498912458322
1299.0,0.012691326268817527
1298.0,0.012557195064198723
1297.0,0.012467797270160563
1296.0,0.012423105273012602
1295.0,0.012289056869694281
1294.0,0.01215504982870197
1293.0,0.012021084124518078
1292.0,0.011931796607364653
1291.0,0.011887159731648111
1290.0,0.011797899741219142
1289.0,0.011708658092512314
1288.0,0.011574829993696856
1287.0,0.011485634166333858
1286.0,0.011396456654336085
1285.0,0.011307297450183107
1284.0,0.011218156546359825
1283.0,0.01117359295472431
1282.0,0.01117359295472431
1281.0,0.01117359295472431
1280.0,0.011129033935354915
1279.0,0.011129033935354915
1278.0,0.01117359295472431
1277.0,0.01117359295472431
1276.0,0.01117359295472431
1275.0,0.011218156546359825
1274.0,0.011307297450183107
1273.0,0.011396456654336085
1272.0,0.011485634166333858
1271.0,0.011574829993696856
1270.0,0.011708658092512314
1269.0,0.011797899741219142
1268.0,0.0119764380713403
1267.0,0.01215504982870197
1266.0,0.012333735073725371
1265.0,0.012467797270160563
1264.0,0.012557195064198723
1263.0,0.01264661126420652
1262.0,0.012691326268817527
1261.0,0.012736045877764557
1260.0,0.012825498912458322
1259.0,0.012914970375878188
1258.0,0.013093968619278806
1257.0,0.01318349541446362
1256.0,0.01322826573375524
1255.0,0.01318349541446362
1254.0,0.013138729709955221
1253.0,0.013093968619278806
1252.0,0.013093968619278806
1251.0,0.01318349541446362
1250.0,0.01318349541446362
1249.0,0.013093968619278806
1248.0,0.012914970375878188
1247.0,0.012691326268817527
1246.0,0.012467797270160563
1245.0,0.012378417874516323
1244.0,0.012378417874516323
1243.0,0.012557195064198723
1242.0,0.012691326268817527
1241.0,0.01260190086298274
1240.0,0.012333735073725371
1239.0,0.012065734767841452
1238.0,0.011931796607364653
1237.0,0.011931796607364653
1236.0,0.011931796607364653
1235.0,0.0119764380713403
1234.0,0.012021084124518078
1233.0,0.012021084124518078
1232.0,0.012065734767841452
1231.0,0.012110390002254778
1230.0,0.01215504982870197
1229.0,0.012110390002254778
1228.0,0.0119764380713403
1227.0,0.011842527443247208
1226.0,0.011753276624621556
1225.0,0.011708658092512314
1224.0,0.011664044143949504
1223.0,0.011574829993696856
1222.0,0.011485634166333858
1221.0,0.011396456654336085
1220.0,0.011262724711199823
1219.0,0.011129033935354915
1218.0,0.011039929609661936
1217.0,0.010906307389674463
1216.0,0.01077272626946324
1215.0,0.010683695010048622
1214.0,0.010594681998483901
1213.0,0.010550182333308289
1212.0,0.01046119667949763
1211.0,0.010416710688994968
1210.0,0.01037222925484893
1209.0,0.010327752376126709
1208.0,0.010283280051895272
1207.0,0.010283280051895272
1206.0,0.010283280051895272
1205.0,0.010283280051895272
1204.0,0.010283280051895272
1203.0,0.010283280051895272
1202.0,0.010283280051895272
1201.0,0.01023881228122181
1200.0,0.010194349063173958
1199.0,0.010105436281226954
1198.0,0.010105436281226954
1197.0,0.010060986715464404
1196.0,0.009972101229705377
1195.0,0.009927665307847056
1194.0,0.009927665307847056
1193.0,0.009883233932095559
1192.0,0.009883233932095559
1191.0,0.009883233932095559
1190.0,0.009927665307847056
1189.0,0.009883233932095559
1188.0,0.009838807101520963
1187.0,0.00974996707218323
1186.0,0.00974996707218323
1185.0,0.009794384815193347
1184.0,0.009883233932095559
1183.0,0.009972101229705377
1182.0,0.01001654169860089
1181.0,0.010060986715464404
1180.0,0.010105436281226954
1179.0,0.01023881228122181
1178.0,0.010416710688994968
1177.0,0.010594681998483901
1176.0,0.010639186223752484
1175.0,0.010639186223752484
1174.0,0.010639186223752484
1173.0,0.010639186223752484
1172.0,0.010639186223752484
1171.0,0.010639186223752484
1170.0,0.010683695010048622
1169.0,0.010683695010048622
1168.0,0.010728208358306901
1167.0,0.01077272626946324
1166.0,0.01077272626946324
1165.0,0.010817248744452446
1164.0,0.01077272626946324
1163.0,0.01077272626946324
1162.0,0.010728208358306901
1161.0,0.010683695010048622
1160.0,0.010683695010048622
1159.0,0.010683695010048622
1158.0,0.010728208358306901
1157.0,0.010683695010048622
1156.0,0.010639186223752484
1155.0,0.010550182333308289
1154.0,0.010550182333308289
1153.0,0.010550182333308289
1152.0,0.010594681998483901
1151.0,0.010594681998483901
1150.0,0.010594681998483901
1149.0,0.010505687227290839
1148.0,0.01046119667949763
1147.0,0.010505687227290839
1146.0,0.010550182333308289
1145.0,0.010550182333308289
1144.0,0.010550182333308289
1143.0,0.010505687227290839
1142.0,0.01046119667949763
1141.0,0.01046119667949763
1140.0,0.010416710688994968
1139.0,0.010416710688994968
1138.0,0.010416710688994968
1137.0,0.01037222925484893
1136.0,0.010327752376126709
1135.0,0.010327752376126709
1134.0,0.01037222925484893
1133.0,0.010416710688994968
1132.0,0.010505687227290839
1131.0,0.010594681998483901
1130.0,0.010639186223752484
1129.0,0.010683695010048622
1128.0,0.010683695010048622
1127.0,0.010683695010048622
1126.0,0.010683695010048622
1125.0,0.010639186223752484
1124.0,0.010683695010048622
1123.0,0.010728208358306901
1122.0,0.010817248744452446
1121.0,0.01086177578421088
1120.0,0.01086177578421088
1119.0,0.010906307389674463
1118.0,0.011039929609661936
1117.0,0.011218156546359825
1116.0,0.011396456654336085
1115.0,0.011619434777991433
1114.0,0.011842527443247208
1113.0,0.012065734767841452
1112.0,0.012289056869694281
1111.0,0.012512493866907004
1110.0,0.012736045877764557
1109.0,0.012914970375878188
1108.0,0.013049212141483357
1107.0,0.01318349541446362
1106.0,0.013317820220494436
1105.0,0.013452186585275916
1104.0,0.013541787262693505
1103.0,0.013676222949234651
1102.0,0.01381070026317599
1101.0,0.013945219230304673
1100.0,0.01403492169512921
1099.0,0.014124642691606404
1098.0,0.014214382227394795
1097.0,0.014304140310157809
1096.0,0.014393916947563534
1095.0,0.01452861671041239
1094.0,0.014708281407112
1093.0,0.015022873584506602
1092.0,0.015427684378367834
1091.0,0.015877917138889863
1090.0,0.01632861713980338
1089.0,0.016734647433454652
1088.0,0.017141057687924732
1087.0,0.017502630802287644
1086.0,0.017909760704207134
1085.0,0.018271974638383703
1084.0,0.018634490921455527
1083.0,0.019042683770379876
1082.0,0.01949668180660491
1081.0,0.01990568621470623
1080.0,0.02026956933771462
1079.0,0.020497151212598652
1078.0,0.020633757603838898
1077.0,0.020633757603838898
1076.0,0.02058821736556471
1075.0,0.02045162529590483
1074.0,0.020315076172974234
1073.0,0.020178569969774962
1072.0,0.019996628416253603
1071.0,0.019860222254245663
1070.0,0.01995115493504329
1069.0,0.02026956933771462
1068.0,0.020770406977844713
1067.0,0.021135015652343103
1066.0,0.021089422824428272
1065.0,0.02058821736556471
1064.0,0.019860222254245663
1063.0,0.019315025636685412
1062.0,0.019042683770379876
1061.0,0.019133445417920836
1060.0,0.019451260640229506
1059.0,0.01990568621470623
1058.0,0.02022406727031445
1057.0,0.020315076172974234
1056.0,0.020178569969774962
1055.0,0.02004210665933459
1054.0,0.019996628416253603
1053.0,0.01995115493504329
1052.0,0.019860222254245663
1051.0,0.019769308608968306
1050.0,0.019678413991243593
1049.0,0.019678413991243593
1048.0,0.019632973815224997
1047.0,0.01958753839310856
1046.0,0.019451260640229506
1045.0,0.019178833355664393
1044.0,0.018815862601645694
1043.0,0.01845319495476394
1042.0,0.018181392829336396
1041.0,0.017864505196230507
1040.0,0.01759307113620534
1039.0,0.017412209298337533
1038.0,0.017231422748988034
1037.0,0.016870075265299933
1036.0,0.01628352608625061
1035.0,0.015607721475734415
1034.0,0.015067833932588037
1033.0,0.014618439768003144
1032.0,0.014349026309051105
1031.0,0.014214382227394795
1030.0,0.014349026309051105
1029.0,0.014618439768003144
1028.0,0.014753209197138295
1027.0,0.014573525916998342
1026.0,0.014079779876432497
1025.0,0.013541787262693505
1024.0,0.013138729709955221
1023.0,0.012870232340102872
1022.0,0.012736045877764557
1021.0,0.01264661126420652
1020.0,0.01260190086298274
1019.0,0.012557195064198723
1018.0,0.012467797270160563
1017.0,0.012289056869694281
1016.0,0.012065734767841452
1015.0,0.011753276624621556
1014.0,0.011530229790124524
1013.0,0.011307297450183107
1012.0,0.01117359295472431
1011.0,0.010995384301463185
1010.0,0.01077272626946324
1009.0,0.01046119667949763
1008.0,0.010149890396819572
1007.0,0.009838807101520963
1006.0,0.009527946474380489
1005.0,0.009350411681145587
1004.0,0.009217308196862062
1003.0,0.009128595198514056
1002.0,0.008995559669244813
1001.0,0.008862564879688284
1000.0,0.0087296108049002
999.0,0.008640997362049818
998.0,0.00850811108984062
997.0,0.008419542825660153
996.0,0.008375265465994541
995.0,0.008375265465994541
994.0,0.008419542825660153
993.0,0.008419542825660153
992.0,0.008330992620051436
991.0,0.008286724286910463
990.0,0.008242460465651913
989.0,0.008198201155356077
988.0,0.008153946355103248
987.0,0.008065450281052211
986.0,0.007976972236149349
985.0,0.007844288957383316
984.0,0.007800070204414977
983.0,0.007800070204414977
982.0,0.007844288957383316
981.0,0.007888512213050314
980.0,0.007932739972333236
979.0,0.007932739972333236
978.0,0.007976972236149349
977.0,0.008021209005416363
976.0,0.008021209005416363
975.0,0.008021209005416363
974.0,0.008021209005416363
973.0,0.007976972236149349
972.0,0.007888512213050314
971.0,0.007800070204414977
970.0,0.007711646202907652
969.0,0.00762324020119709
968.0,0.007534852191956709
967.0,0.0074464821678643656
966.0,0.0074464821678643656
965.0,0.0074464821678643656
964.0,0.0074464821678643656
963.0,0.007358130121602358
962.0,0.007269796045857202
961.0,0.007181479933320523
960.0,0.007093181776687496
959.0,0.007049039429553483
958.0,0.007004901568658406
957.0,0.00696076819309055
956.0,0.00696076819309055
955.0,0.006872514894289861
954.0,0.006784279525863024
953.0,0.006696062080525422
952.0,0.00656376950238835
951.0,0.006431517210272464
950.0,0.006343371384537999
949.0,0.006299305179649828
948.0,0.006299305179649828
947.0,0.006299305179649828
946.0,0.006299305179649828
945.0,0.00625524344553785
944.0,0.00625524344553785
943.0,0.006343371384537999
942.0,0.006475596832934416
941.0,0.00656376950238835
940.0,0.006651960076740071
939.0,0.006651960076740071
938.0,0.006740168563263094
937.0,0.006784279525863024
936.0,0.006872514894289861
935.0,0.007004901568658406
934.0,0.007137328610972382
933.0,0.007181479933320523
932.0,0.007181479933320523
931.0,0.007137328610972382
930.0,0.007093181776687496
929.0,0.007137328610972382
928.0,0.007269796045857202
927.0,0.007402303897961815
926.0,0.007490664932224611
925.0,0.007534852191956709
924.0,0.007490664932224611
923.0,0.007490664932224611
922.0,0.00762324020119709
921.0,0.007755855953228474
920.0,0.007932739972333236
919.0,0.008021209005416363
918.0,0.007976972236149349
917.0,0.007888512213050314
916.0,0.007711646202907652
915.0,0.007711646202907652
914.0,0.007800070204414977
913.0,0.008021209005416363
912.0,0.008242460465651913
911.0,0.008419542825660153
910.0,0.008463824699968647
909.0,0.008419542825660153
908.0,0.008330992620051436
907.0,0.008286724286910463
906.0,0.008286724286910463
905.0,0.008330992620051436
904.0,0.008330992620051436
903.0,0.008286724286910463
902.0,0.008198201155356077
901.0,0.008153946355103248
900.0,0.008153946355103248
899.0,0.008198201155356077
898.0,0.008242460465651913
897.0,0.008242460465651913
896.0,0.008242460465651913
895.0,0.008286724286910463
894.0,0.008419542825660153
893.0,0.008596697419959609
892.0,0.008640997362049818
891.0,0.008640997362049818
890.0,0.008552401996197112
889.0,0.008375265465994541
888.0,0.008153946355103248
887.0,0.007976972236149349
886.0,0.007800070204414977
885.0,0.007711646202907652
884.0,0.007711646202907652
883.0,0.007844288957383316
882.0,0.008021209005416363
881.0,0.008153946355103248
880.0,0.008198201155356077
879.0,0.008198201155356077
878.0,0.008109696063975047
877.0,0.007976972236149349
876.0,0.007844288957383316
875.0,0.007755855953228474
874.0,0.007755855953228474
873.0,0.007844288957383316
872.0,0.008021209005416363
871.0,0.008242460465651913
870.0,0.008375265465994541
869.0,0.008419542825660153
868.0,0.008419542825660153
867.0,0.008375265465994541
866.0,0.008375265465994541
865.0,0.008330992620051436
864.0,0.008286724286910463
863.0,0.008286724286910463
862.0,0.008463824699968647
861.0,0.008640997362049818
860.0,0.008773924307505121
859.0,0.008773924307505121
858.0,0.008685301823389224
857.0,0.008596697419959609
856.0,0.00850811108984062
855.0,0.00850811108984062
854.0,0.00850811108984062
853.0,0.008375265465994541
852.0,0.008198201155356077
851.0,0.008065450281052211
850.0,0.008109696063975047
849.0,0.008153946355103248
848.0,0.008153946355103248
847.0,0.008109696063975047
846.0,0.008109696063975047
845.0,0.008153946355103248
844.0,0.008198201155356077
843.0,0.008153946355103248
842.0,0.008109696063975047
841.0,0.007976972236149349
840.0,0.007844288957383316
839.0,0.007755855953228474
838.0,0.007711646202907652
837.0,0.007667440952535687
836.0,0.0075790439479759275
835.0,0.007534852191956709
834.0,0.007490664932224611
833.0,0.0074464821678643656
832.0,0.007402303897961815
831.0,0.007358130121602358
830.0,0.007269796045857202
829.0,0.007093181776687496
828.0,0.006828394969235152
827.0,0.006651960076740071
826.0,0.006607862550997545
825.0,0.006651960076740071
824.0,0.006607862550997545
823.0,0.006475596832934416
822.0,0.00625524344553785
821.0,0.006079041198713275
820.0,0.005990966876386672
819.0,0.005990966876386672
818.0,0.005990966876386672
817.0,0.005946936412324799
816.0,0.00590291041179003
815.0,0.005990966876386672
814.0,0.00612308505878878
813.0,0.006299305179649828
812.0,0.006431517210272464
811.0,0.006519680930003435
810.0,0.006651960076740071
809.0,0.006784279525863024
808.0,0.006916639301937977
807.0,0.007049039429553483
806.0,0.007181479933320523
805.0,0.007313960837872058
804.0,0.0074464821678643656
803.0,0.0075790439479759275
802.0,0.007711646202907652
801.0,0.007755855953228474
800.0,0.007800070204414977
799.0,0.007888512213050314
798.0,0.008021209005416363
797.0,0.008153946355103248
796.0,0.008242460465651913
795.0,0.008375265465994541
794.0,0.008463824699968647
793.0,0.008552401996197112
792.0,0.00850811108984062
791.0,0.00850811108984062
790.0,0.008463824699968647
789.0,0.008463824699968647
788.0,0.008375265465994541
787.0,0.008242460465651913
786.0,0.008065450281052211
785.0,0.007844288957383316
784.0,0.007667440952535687
783.0,0.007534852191956709
782.0,0.0074464821678643656
781.0,0.007358130121602358
780.0,0.007225635744644521
779.0,0.007093181776687496
778.0,0.007093181776687496
777.0,0.007137328610972382
776.0,0.007181479933320523
775.0,0.007181479933320523
774.0,0.007137328610972382
773.0,0.007004901568658406
772.0,0.006916639301937977
771.0,0.006916639301937977
770.0,0.006916639301937977
769.0,0.006828394969235152
768.0,0.006475596832934416
767.0,0.00612308505878878
766.0,0.005814871797682919
765.0,0.005638848091999105
764.0,0.005506877116487674
763.0,0.005462895701502157
762.0,0.005550862985963967
761.0,0.005726851026829571
760.0,0.005814871797682919
759.0,0.005814871797682919
758.0,0.005814871797682919
757.0,0.005858888873877532
756.0,0.005814871797682919
755.0,0.00577085918230158
754.0,0.00577085918230158
753.0,0.005858888873877532
752.0,0.006035001804881146
751.0,0.00625524344553785
750.0,0.006343371384537999
749.0,0.006387442061109638
748.0,0.006343371384537999
747.0,0.006387442061109638
746.0,0.006475596832934416
745.0,0.006607862550997545
744.0,0.006696062080525422
743.0,0.006916639301937977
742.0,0.007402303897961815
741.0,0.008065450281052211
740.0,0.008773924307505121
739.0,0.009483555971770974
738.0,0.010505687227290839
737.0,0.012244383261476699
736.0,0.01547268665620738
735.0,0.021271822861508305
734.0,0.030863766403287585
733.0,0.04421607108308856
732.0,0.058936011780097886
731.0,0.07052998382251041
730.0,0.07510073598571654
729.0,0.07232173586200852
728.0,0.06529959828457499
727.0,0.058190526991161784
726.0,0.05354773498692689
725.0,0.05237025261564554
724.0,0.05477768336465916
723.0,0.06143024377893891
722.0,0.07268097504034388
721.0,0.08745911720936239
720.0,0.1014393550602879
719.0,0.10907622851098608
718.0,0.10779405402422748
717.0,0.09946901754724413
716.0,0.08719360733870762
715.0,0.07365755337434488
714.0,0.06093025007657582
713.0,0.05036607620073763
712.0,0.04224908912272074
711.0,0.03621217265444465
710.0,0.031657169041054534
709.0,0.028167720075074953
708.0,0.02558042614771394
707.0,0.02365002099672653
706.0,0.0221849739168134
705.0,0.020952673052035298
704.0,0.01995115493504329
703.0,0.0190880622231564
702.0,0.018226681372252695
701.0,0.017186237868137555
700.0,0.016148281008528276
699.0,0.015337693809893471
698.0,0.014843078722943437
697.0,0.014843078722943437
696.0,0.015292705517326866
695.0,0.015832872853011715
694.0,0.016013078034810446
693.0,0.015562705203923999
692.0,0.014843078722943437
691.0,0.014214382227394795
690.0,0.01385553528947936
689.0,0.013631406429727155
688.0,0.013452186585275916
687.0,0.013452186585275916
686.0,0.013765869865004277
685.0,0.014214382227394795
684.0,0.014573525916998342
683.0,0.01452861671041239
682.0,0.013990068146738865
681.0,0.013138729709955221
680.0,0.012423105273012602
679.0,0.01215504982870197
678.0,0.01215504982870197
677.0,0.01215504982870197
676.0,0.01215504982870197
675.0,0.012244383261476699
674.0,0.012512493866907004
673.0,0.012557195064198723
672.0,0.012021084124518078
671.0,0.010639186223752484
670.0,0.008419542825660153
669.0,0.005682847330363394
668.0,0.003707281458678491
667.0,0.0043648054024501
666.0,0.006784279525863024
665.0,0.008685301823389224
664.0,0.00966114521239847
663.0,0.010060986715464404
662.0,0.010194349063173958
661.0,0.01037222925484893
660.0,0.010594681998483901
659.0,0.010817248744452446
658.0,0.010728208358306901
657.0,0.010283280051895272
656.0,0.009705553871561357
655.0,0.009172949432521227
654.0,0.008818242332126802
653.0,0.0087296108049002
652.0,0.008906891951112605
651.0,0.009128595198514056
650.0,0.008951223547323472
649.0,0.008242460465651913
648.0,0.007755855953228474
647.0,0.007888512213050314
646.0,0.008419542825660153
645.0,0.008685301823389224
644.0,0.00850811108984062
643.0,0.008198201155356077
642.0,0.008153946355103248
641.0,0.008286724286910463
640.0,0.00850811108984062
639.0,0.008906891951112605
638.0,0.009483555971770974
637.0,0.01023881228122181
636.0,0.011129033935354915
635.0,0.012065734767841452
634.0,0.012512493866907004
633.0,0.012110390002254778
632.0,0.011441043121384498
631.0,0.011307297450183107
630.0,0.011887159731648111
629.0,0.012423105273012602
628.0,0.012557195064198723
627.0,0.012333735073725371
626.0,0.01215504982870197
625.0,0.012378417874516323
624.0,0.013004460275618523
623.0,0.013945219230304673
622.0,0.014888020460646079
621.0,0.015517693597737248
620.0,0.015562705203923999
619.0,0.015112798935672522
618.0,0.014349026309051105
617.0,0.013496984613259544
616.0,0.012780770091995297
615.0,0.012244383261476699
614.0,0.011619434777991433
613.0,0.010728208358306901
612.0,0.00974996707218323
611.0,0.00939478857608056
610.0,0.010105436281226954
609.0,0.011396456654336085
608.0,0.012467797270160563
607.0,0.012780770091995297
606.0,0.012289056869694281
605.0,0.011530229790124524
604.0,0.010995384301463185
603.0,0.01077272626946324
602.0,0.010683695010048622
601.0,0.01023881228122181
600.0,0.00966114521239847
